<?xml version="1.0"?>
<opencv_storage>
<world_to_proj_rot_vect type_id="opencv-matrix">
  <rows>3</rows>
  <cols>1</cols>
  <dt>d</dt>
  <data>
    -2.7437035855415900e-02 4.2147012989931570e-01
    -1.6242416538549367e-02</data></world_to_proj_rot_vect>
</opencv_storage>
