%YAML:1.0
H: !!opencv-matrix
   rows: 3
   cols: 3
   dt: d
   data: [ 2.0261590773622982e+00, 2.7044072430895127e-01,
       -9.3550168519366673e+02, 1.2659941854982160e-01,
       1.6974316776614244e+00, -5.9622329322403095e+02,
       4.7454465048728104e-04, 2.0448826080808984e-04, 1. ]
