%YAML:1.0
CAM_PTS: !!opencv-matrix
   rows: 80
   cols: 2
   dt: d
   data: [ 4.4753928316241985e+02, 4.1972290196690676e+02,
       4.7880963899845341e+02, 4.1919437405839210e+02,
       5.1083500161537165e+02, 4.1859640770880856e+02,
       5.4343762530126173e+02, 4.1756460059100220e+02,
       5.7643962629911493e+02, 4.1719682728857049e+02,
       6.0998603549489144e+02, 4.1668504620318186e+02,
       6.4448861125076155e+02, 4.1581944552513301e+02,
       6.7905590230246776e+02, 4.1503192387360821e+02,
       7.1436096099275835e+02, 4.1461679742594265e+02,
       7.5021786077344916e+02, 4.1349514485433508e+02,
       4.4381843777886093e+02, 4.5818308605553693e+02,
       4.7524882404803822e+02, 4.5805064023665057e+02,
       5.0693151532509989e+02, 4.5775616288980723e+02,
       5.3974590355393877e+02, 4.5725398308101808e+02,
       5.7274771426111647e+02, 4.5703074945722335e+02,
       6.0642325376772612e+02, 4.5687808883250761e+02,
       6.4054978397757088e+02, 4.5655164630637012e+02,
       6.7503849261007281e+02, 4.5618700201030333e+02,
       7.1040720055052520e+02, 4.5538313395691284e+02,
       7.4637200734564647e+02, 4.5496152951775406e+02,
       4.4003547727623339e+02, 4.9685454594600952e+02,
       4.7127461405873049e+02, 4.9687339945566259e+02,
       5.0343186146546600e+02, 4.9683063862185634e+02,
       5.3576772673605763e+02, 4.9681161609298516e+02,
       5.6894266415471725e+02, 4.9681423707620803e+02,
       6.0255391876817475e+02, 4.9663785213176300e+02,
       6.3675833803687863e+02, 4.9637003504951645e+02,
       6.7117353887634397e+02, 4.9676400626905115e+02,
       7.0636997656949143e+02, 4.9656951480780293e+02,
       7.4221691617825513e+02, 4.9654247937938635e+02,
       4.3655801013866727e+02, 5.3477484822915653e+02,
       4.6798032428353378e+02, 5.3552442769935112e+02,
       4.9977522844608285e+02, 5.3583201343455858e+02,
       5.3227650786944469e+02, 5.3637675875712239e+02,
       5.6511498609030650e+02, 5.3648896751755672e+02,
       5.9861312945967643e+02, 5.3675829826238305e+02,
       6.3257171259748043e+02, 5.3696200499996428e+02,
       6.6745831324890685e+02, 5.3737644276496189e+02,
       7.0234921142670737e+02, 5.3772821811767335e+02,
       7.3835032676741582e+02, 5.3802833164350557e+02,
       4.3286619583344338e+02, 5.7354772721650386e+02,
       4.6420728449800572e+02, 5.7429379331755763e+02,
       4.9637747491648673e+02, 5.7485016228673408e+02,
       5.2835676704630669e+02, 5.7545526760224686e+02,
       5.6131485224483265e+02, 5.7626994173861044e+02,
       5.9474541402842237e+02, 5.7664650300178789e+02,
       6.2881102813083987e+02, 5.7750414379818869e+02,
       6.6327371426866659e+02, 5.7820846787319954e+02,
       6.9855815662464420e+02, 5.7850417254975457e+02,
       7.3432771903099228e+02, 5.7924150367680886e+02,
       4.2914897760572302e+02, 6.1195572346837753e+02,
       4.6052780262006632e+02, 6.1294607083040694e+02,
       4.9237322812193298e+02, 6.1408033079036340e+02,
       5.2457006488769537e+02, 6.1470464010633953e+02,
       5.5740580864420349e+02, 6.1603271402045254e+02,
       5.9096097503659735e+02, 6.1674246693725672e+02,
       6.2481692075105070e+02, 6.1796615845278473e+02,
       6.5944684616499933e+02, 6.1846580354558228e+02,
       6.9451519978779606e+02, 6.1969454030665804e+02,
       7.3041126182741402e+02, 6.2051729518185414e+02,
       4.2572974879420775e+02, 6.5069129725712139e+02,
       4.5671230539067602e+02, 6.5190413966653966e+02,
       4.8875323691172213e+02, 6.5294476396294328e+02,
       5.2090008953780352e+02, 6.5414407864296061e+02,
       5.5404114139690512e+02, 6.5578724558293993e+02,
       5.8716463892300408e+02, 6.5654162832457598e+02,
       6.2113677868262369e+02, 6.5828820458724886e+02,
       6.5555770191000283e+02, 6.5938906909619618e+02,
       6.9067484451381881e+02, 6.6057872459298665e+02,
       7.2640171318259729e+02, 6.6229042809019791e+02,
       4.2169024497253105e+02, 6.8922201649174838e+02,
       4.5321892942055422e+02, 6.9063234046198613e+02,
       4.8489518073917208e+02, 6.9204797970721268e+02,
       5.1725722089922567e+02, 6.9390921636850271e+02,
       5.4976607580347672e+02, 6.9561141164919570e+02,
       5.8338290283772130e+02, 6.9693633348887977e+02,
       6.1718456599699380e+02, 6.9843643083436996e+02,
       6.5172566142365361e+02, 7.0019044836797912e+02,
       6.8666411254653121e+02, 7.0213619977276744e+02,
       7.2255430343605644e+02, 7.0364117120133358e+02 ]
PROJ_PTS: !!opencv-matrix
   rows: 80
   cols: 2
   dt: d
   data: [ 175., 122., 250., 122., 325., 122., 400., 122., 475., 122.,
       550., 122., 625., 122., 700., 122., 775., 122., 850., 122., 175.,
       197., 250., 197., 325., 197., 400., 197., 475., 197., 550., 197.,
       625., 197., 700., 197., 775., 197., 850., 197., 175., 272., 250.,
       272., 325., 272., 400., 272., 475., 272., 550., 272., 625., 272.,
       700., 272., 775., 272., 850., 272., 175., 347., 250., 347., 325.,
       347., 400., 347., 475., 347., 550., 347., 625., 347., 700., 347.,
       775., 347., 850., 347., 175., 422., 250., 422., 325., 422., 400.,
       422., 475., 422., 550., 422., 625., 422., 700., 422., 775., 422.,
       850., 422., 175., 497., 250., 497., 325., 497., 400., 497., 475.,
       497., 550., 497., 625., 497., 700., 497., 775., 497., 850., 497.,
       175., 572., 250., 572., 325., 572., 400., 572., 475., 572., 550.,
       572., 625., 572., 700., 572., 775., 572., 850., 572., 175., 647.,
       250., 647., 325., 647., 400., 647., 475., 647., 550., 647., 625.,
       647., 700., 647., 775., 647., 850., 647. ]
