%YAML:1.0
CAM_PTS: !!opencv-matrix
   rows: 80
   cols: 2
   dt: d
   data: [ 5.0326673270616033e+02, 4.1764597409800302e+02,
       5.3731706182004859e+02, 4.1889316813881567e+02,
       5.7236313264734008e+02, 4.2009131414938486e+02,
       6.0821493280837592e+02, 4.2117812356636790e+02,
       6.4494603408017713e+02, 4.2278630903356543e+02,
       6.8235396760008894e+02, 4.2443222774805554e+02,
       7.2096946476748383e+02, 4.2543768710362036e+02,
       7.6010314737026454e+02, 4.2667744849911213e+02,
       8.0053579849582093e+02, 4.2854711770236827e+02,
       8.4209907526196366e+02, 4.2986361991236481e+02,
       4.9657363038743392e+02, 4.5900404311343669e+02,
       5.3073624472629865e+02, 4.6080705103631510e+02,
       5.6545262956623469e+02, 4.6273105204859542e+02,
       6.0114086695906235e+02, 4.6445839628696581e+02,
       6.3789011598688728e+02, 4.6633006699334533e+02,
       6.7541882666343577e+02, 4.6834311914108434e+02,
       7.1359143389234657e+02, 4.7035094193199535e+02,
       7.5308259422032324e+02, 4.7170141261280997e+02,
       7.9329091908286841e+02, 4.7379420624116449e+02,
       8.3503088727381203e+02, 4.7607845665294099e+02,
       4.9013877785236167e+02, 5.0021088886983023e+02,
       5.2389353566919419e+02, 5.0254687629366680e+02,
       5.5900539959628054e+02, 5.0477242175146478e+02,
       5.9473891444843707e+02, 5.0686428614848478e+02,
       6.3117492243690231e+02, 5.0952467482674024e+02,
       6.6823974924933816e+02, 5.1201204431299516e+02,
       7.0677283151757695e+02, 5.1443666855629147e+02,
       7.4575817419757857e+02, 5.1669424865186647e+02,
       7.8642438200380400e+02, 5.1943362154719318e+02,
       8.2824342034119650e+02, 5.2236694231272463e+02,
       4.8334856092953123e+02, 5.4132427139202537e+02,
       5.1756203312676735e+02, 5.4433499934119152e+02,
       5.5225825327678854e+02, 5.4714499173972752e+02,
       5.8779324615703285e+02, 5.4997569202962995e+02,
       6.2427129062923279e+02, 5.5273278139214472e+02,
       6.6147943792025330e+02, 5.5578510313363824e+02,
       6.9972910844961746e+02, 5.5856792157446819e+02,
       7.3878423632355782e+02, 5.6190837093588516e+02,
       7.7905216167872800e+02, 5.6477254052562364e+02,
       8.2028387408965716e+02, 5.6833218552082633e+02,
       4.7709512417015014e+02, 5.8329277213996340e+02,
       5.1084114748539741e+02, 5.8601125381109387e+02,
       5.4546995134736176e+02, 5.8941909203630576e+02,
       5.8107806828098740e+02, 5.9264973316148826e+02,
       6.1717372558398245e+02, 5.9626046646079601e+02,
       6.5471321416185549e+02, 5.9960822194823993e+02,
       6.9265216062670402e+02, 6.0321338992936114e+02,
       7.3179815451327681e+02, 6.0679874835801036e+02,
       7.7188395618509560e+02, 6.1046970728906604e+02,
       8.1306782130370527e+02, 6.1439322767326871e+02,
       4.7008874434906369e+02, 6.2449972106604980e+02,
       5.0401851321636894e+02, 6.2817620674016052e+02,
       5.3862413111634373e+02, 6.3197301294480212e+02,
       5.7414486979993421e+02, 6.3584716766274687e+02,
       6.1056250768635823e+02, 6.3952632634666020e+02,
       6.4765761170960309e+02, 6.4361550981278481e+02,
       6.8557129506463025e+02, 6.4772329701142667e+02,
       7.2478039298594081e+02, 6.5199483865265358e+02,
       7.6480712642863955e+02, 6.5629674625809218e+02,
       8.0605359153945210e+02, 6.6055017273099111e+02,
       4.6356404204944891e+02, 6.6614421625403065e+02,
       4.9730231951003924e+02, 6.7026139919931506e+02,
       5.3200701598583760e+02, 6.7475864031595006e+02,
       5.6738484089391898e+02, 6.7864594473459408e+02,
       6.0357247392836234e+02, 6.8327552959250954e+02,
       6.4070899273286182e+02, 6.8800453416259711e+02,
       6.7874537353566336e+02, 6.9244351434794930e+02,
       7.1757401588409903e+02, 6.9726100191340799e+02,
       7.5762487455296684e+02, 7.0201429572486632e+02,
       7.9883607529358846e+02, 7.0695080188223039e+02,
       4.5686645326648016e+02, 7.0780229591519765e+02,
       4.9084041396252769e+02, 7.1260306750713664e+02,
       5.2516894539710449e+02, 7.1691134254836390e+02,
       5.6043068161835583e+02, 7.2190000118153068e+02,
       5.9671966600465930e+02, 7.2682230550199358e+02,
       6.3383251506506019e+02, 7.3205332127242139e+02,
       6.7182029661996728e+02, 7.3711682077237435e+02,
       7.1071282994467902e+02, 7.4243497401904199e+02,
       7.5050642885037689e+02, 7.4768271854730779e+02,
       7.9160973359329910e+02, 7.5339522189026820e+02 ]
PROJ_PTS: !!opencv-matrix
   rows: 80
   cols: 2
   dt: d
   data: [ 175., 122., 250., 122., 325., 122., 400., 122., 475., 122.,
       550., 122., 625., 122., 700., 122., 775., 122., 850., 122., 175.,
       197., 250., 197., 325., 197., 400., 197., 475., 197., 550., 197.,
       625., 197., 700., 197., 775., 197., 850., 197., 175., 272., 250.,
       272., 325., 272., 400., 272., 475., 272., 550., 272., 625., 272.,
       700., 272., 775., 272., 850., 272., 175., 347., 250., 347., 325.,
       347., 400., 347., 475., 347., 550., 347., 625., 347., 700., 347.,
       775., 347., 850., 347., 175., 422., 250., 422., 325., 422., 400.,
       422., 475., 422., 550., 422., 625., 422., 700., 422., 775., 422.,
       850., 422., 175., 497., 250., 497., 325., 497., 400., 497., 475.,
       497., 550., 497., 625., 497., 700., 497., 775., 497., 850., 497.,
       175., 572., 250., 572., 325., 572., 400., 572., 475., 572., 550.,
       572., 625., 572., 700., 572., 775., 572., 850., 572., 175., 647.,
       250., 647., 325., 647., 400., 647., 475., 647., 550., 647., 625.,
       647., 700., 647., 775., 647., 850., 647. ]
