%YAML:1.0
CAM_PTS: !!opencv-matrix
   rows: 80
   cols: 2
   dt: d
   data: [ 8.4636571524149781e+02, 4.3586598382637487e+02,
       8.8350992921528632e+02, 4.3230118156134847e+02,
       9.2233564895953282e+02, 4.2804765921975013e+02,
       9.6237099249985909e+02, 4.2421168285556018e+02,
       1.0042705581880167e+03, 4.1997248771235479e+02,
       1.0473349025978700e+03, 4.1533633867538509e+02,
       1.0923137287153172e+03, 4.1099858154045324e+02,
       1.1387517875229407e+03, 4.0594853108528798e+02,
       1.1875807615648835e+03, 4.0110940547335201e+02,
       1.2381357754938649e+03, 3.9581307115485964e+02,
       8.4337484343714675e+02, 4.7640831440566103e+02,
       8.8069335408091536e+02, 4.7297524869276526e+02,
       9.1925791422662485e+02, 4.7008488392510162e+02,
       9.5925780792012006e+02, 4.6669887850269220e+02,
       1.0008210570378909e+03, 4.6329301340142410e+02,
       1.0441787541695803e+03, 4.5977154816740955e+02,
       1.0887883635789012e+03, 4.5601404272792172e+02,
       1.1353375363719938e+03, 4.5222869650510626e+02,
       1.1839367897123868e+03, 4.4767772930398820e+02,
       1.2346985230249636e+03, 4.4393042542001751e+02,
       8.4030053262209196e+02, 5.1672630190816813e+02,
       8.7754232797091072e+02, 5.1445235897093039e+02,
       9.1625531862385901e+02, 5.1222302733054698e+02,
       9.5600876609218619e+02, 5.0950765201564207e+02,
       9.9775430802318454e+02, 5.0685338067240241e+02,
       1.0405192181042273e+03, 5.0433702350505268e+02,
       1.0855886065651900e+03, 5.0119450463482644e+02,
       1.1319923959532532e+03, 4.9830653410448423e+02,
       1.1804592746909548e+03, 4.9510857525124442e+02,
       1.2309708208907637e+03, 4.9196820809747362e+02,
       8.3734181532321327e+02, 5.5709414440176556e+02,
       8.7449050702482566e+02, 5.5551401169472763e+02,
       9.1273928420958612e+02, 5.5410411329331600e+02,
       9.5304580984371603e+02, 5.5231708442083823e+02,
       9.9433085681346915e+02, 5.5042992288846301e+02,
       1.0373569133861802e+03, 5.4851564162865827e+02,
       1.0820322095383895e+03, 5.4644567127155733e+02,
       1.1285262734122546e+03, 5.4455339344715321e+02,
       1.1770117460809724e+03, 5.4232520111877329e+02,
       1.2275248979092039e+03, 5.3998957981922842e+02,
       8.3436516935128236e+02, 5.9792550725060460e+02,
       8.7139166184925409e+02, 5.9660314658980872e+02,
       9.0998363609891123e+02, 5.9604151093117355e+02,
       9.4989075840425278e+02, 5.9468290596863142e+02,
       9.9099867022166541e+02, 5.9404419903799749e+02,
       1.0340536844392766e+03, 5.9269458446701969e+02,
       1.0785433922771936e+03, 5.9187579449274983e+02,
       1.1250567205686777e+03, 5.9034297094786598e+02,
       1.1734022622606176e+03, 5.8939006713388028e+02,
       1.2239371098796664e+03, 5.8824237314746188e+02,
       8.3122493121902846e+02, 6.3841536097119638e+02,
       8.6837548642463321e+02, 6.3825494941994361e+02,
       9.0666567994981335e+02, 6.3812368770155240e+02,
       9.4638348594219713e+02, 6.3777086522452885e+02,
       9.8775452119758552e+02, 6.3736130174756090e+02,
       1.0306702477280087e+03, 6.3726426564468443e+02,
       1.0752181377938030e+03, 6.3670349080351889e+02,
       1.1213924880103139e+03, 6.3660956865467949e+02,
       1.1698623777474295e+03, 6.3632249663951518e+02,
       1.2203916716070780e+03, 6.3603982821034242e+02,
       8.2819280103754397e+02, 6.7855642833703985e+02,
       8.6523615588717450e+02, 6.7922342643718787e+02,
       9.0355506071879722e+02, 6.8000971322314319e+02,
       9.4324066312557920e+02, 6.8041612514586086e+02,
       9.8456475025899113e+02, 6.8125414776357354e+02,
       1.0272628692964643e+03, 6.8184643717183326e+02,
       1.0719679994182402e+03, 6.8243141245279537e+02,
       1.1179831984412269e+03, 6.8313610426821958e+02,
       1.1663074301729512e+03, 6.8362877897431031e+02,
       1.2167257855327744e+03, 6.8455482865987653e+02,
       8.2514445544361161e+02, 7.1923333248515416e+02,
       8.6212649666758330e+02, 7.2033769186781251e+02,
       9.0028707337862215e+02, 7.2197672380914901e+02,
       9.4003357693972021e+02, 7.2333672691491074e+02,
       9.8113172979838919e+02, 7.2472247134356098e+02,
       1.0242929084266907e+03, 7.2605554054320930e+02,
       1.0681453168935732e+03, 7.2772392378202142e+02,
       1.1145493504119702e+03, 7.2939425588284234e+02,
       1.1626429400847499e+03, 7.3093424655672834e+02,
       1.2130910687857777e+03, 7.3272678193148113e+02 ]
PROJ_PTS: !!opencv-matrix
   rows: 80
   cols: 2
   dt: d
   data: [ 175., 122., 250., 122., 325., 122., 400., 122., 475., 122.,
       550., 122., 625., 122., 700., 122., 775., 122., 850., 122., 175.,
       197., 250., 197., 325., 197., 400., 197., 475., 197., 550., 197.,
       625., 197., 700., 197., 775., 197., 850., 197., 175., 272., 250.,
       272., 325., 272., 400., 272., 475., 272., 550., 272., 625., 272.,
       700., 272., 775., 272., 850., 272., 175., 347., 250., 347., 325.,
       347., 400., 347., 475., 347., 550., 347., 625., 347., 700., 347.,
       775., 347., 850., 347., 175., 422., 250., 422., 325., 422., 400.,
       422., 475., 422., 550., 422., 625., 422., 700., 422., 775., 422.,
       850., 422., 175., 497., 250., 497., 325., 497., 400., 497., 475.,
       497., 550., 497., 625., 497., 700., 497., 775., 497., 850., 497.,
       175., 572., 250., 572., 325., 572., 400., 572., 475., 572., 550.,
       572., 625., 572., 700., 572., 775., 572., 850., 572., 175., 647.,
       250., 647., 325., 647., 400., 647., 475., 647., 550., 647., 625.,
       647., 700., 647., 775., 647., 850., 647. ]
