%YAML:1.0
CAM_PTS: !!opencv-matrix
   rows: 80
   cols: 2
   dt: d
   data: [ 7.3256873576664918e+02, 4.3288775387384510e+02,
       7.6812431001261291e+02, 4.2961251601533428e+02,
       8.0537738891477056e+02, 4.2566615124201229e+02,
       8.4349812858258838e+02, 4.2180728198187018e+02,
       8.8332338957749721e+02, 4.1777765624001540e+02,
       9.2439444744230275e+02, 4.1373459757616070e+02,
       9.6739135173468480e+02, 4.0927577884738781e+02,
       1.0122917392014532e+03, 4.0453843291277178e+02,
       1.0586311044704642e+03, 4.0012648337919666e+02,
       1.1067188076963257e+03, 3.9543477900602636e+02,
       7.2866137582174645e+02, 4.7274827258430747e+02,
       7.6434756942673391e+02, 4.7024534415960755e+02,
       8.0126807580024695e+02, 4.6682601459520419e+02,
       8.3960253886917440e+02, 4.6421343124876006e+02,
       8.7926376313381559e+02, 4.6071099699002491e+02,
       9.2031435784596579e+02, 4.5750229378415384e+02,
       9.6296663583037071e+02, 4.5412138191415528e+02,
       1.0077476542880925e+03, 4.5058178278742264e+02,
       1.0539480658675395e+03, 4.4681445455501643e+02,
       1.1022690887616864e+03, 4.4272768361655113e+02,
       7.2498690581349683e+02, 5.1282755635140109e+02,
       7.6037128019105626e+02, 5.1053834802513609e+02,
       7.9729964768829745e+02, 5.0850642986548098e+02,
       8.3555421123488429e+02, 5.0628785581429202e+02,
       8.7514914256418842e+02, 5.0391463514112974e+02,
       9.1625606300339439e+02, 5.0105938863335882e+02,
       9.5873672782193751e+02, 4.9884921857726181e+02,
       1.0030638401166613e+03, 4.9602695335104028e+02,
       1.0494635355795815e+03, 4.9303860388816281e+02,
       1.0977516639693438e+03, 4.9014829724275717e+02,
       7.2109392364210998e+02, 5.5258039056374184e+02,
       7.5653053087122657e+02, 5.5154353112421313e+02,
       7.9334953583882111e+02, 5.5016545528599590e+02,
       8.3144087316094283e+02, 5.4843130652768184e+02,
       8.7086547786657115e+02, 5.4660221226552619e+02,
       9.1176417851884310e+02, 5.4499724002402183e+02,
       9.5428528022328203e+02, 5.4337511284063612e+02,
       9.9877258143614119e+02, 5.4158124927857034e+02,
       1.0448638917224248e+03, 5.3974806616286583e+02,
       1.0931394385550234e+03, 5.3760713858103043e+02,
       7.1737289580684285e+02, 5.9262779465694007e+02,
       7.5267585599640017e+02, 5.9220480554431856e+02,
       7.8926542791352961e+02, 5.9137477330719503e+02,
       8.2737580882472275e+02, 5.9048136765369293e+02,
       8.6677102895635983e+02, 5.8988093476791744e+02,
       9.0751614602679513e+02, 5.8875421866228612e+02,
       9.5013804631863752e+02, 5.8818197447552154e+02,
       9.9432539568466791e+02, 5.8686563438552798e+02,
       1.0404771567164885e+03, 5.8630552577755805e+02,
       1.0882283899896588e+03, 5.8509969414953923e+02,
       7.1341500981572563e+02, 6.3261113867889651e+02,
       7.4880666622530907e+02, 6.3252982436305069e+02,
       7.8535922683068179e+02, 6.3257394186458896e+02,
       8.2330137971352747e+02, 6.3274478931216299e+02,
       8.6257233033936586e+02, 6.3268529298809597e+02,
       9.0329291273110107e+02, 6.3277520326876675e+02,
       9.4559432430829474e+02, 6.3258219500745645e+02,
       9.8986953139241325e+02, 6.3256203731722667e+02,
       1.0358323668285700e+03, 6.3259039050368960e+02,
       1.0839496359947429e+03, 6.3245932521661405e+02,
       7.0951270230171792e+02, 6.7268198973243227e+02,
       7.4476102790780317e+02, 6.7353520347065501e+02,
       7.8126442207695584e+02, 6.7433249345867318e+02,
       8.1919026684358585e+02, 6.7502762614256210e+02,
       8.5839570859079640e+02, 6.7613210855944635e+02,
       8.9900274673354056e+02, 6.7656179410820755e+02,
       9.4129238188830675e+02, 6.7756738342546191e+02,
       9.8544567168093397e+02, 6.7835845918279529e+02,
       1.0313892876287764e+03, 6.7983027260669405e+02,
       1.0791342084660537e+03, 6.8020301130606981e+02,
       7.0549585993640312e+02, 7.1286286738727813e+02,
       7.4085405241194690e+02, 7.1421960373193826e+02,
       7.7722248540200928e+02, 7.1583951923419113e+02,
       8.1513440293658925e+02, 7.1728556633394237e+02,
       8.5427544935697574e+02, 7.1877699687710424e+02,
       8.9499976688363711e+02, 7.2038671630497640e+02,
       9.3699342064057487e+02, 7.2217011764442350e+02,
       9.8099924205507045e+02, 7.2410666958496552e+02,
       1.0267789971336015e+03, 7.2592749634056077e+02,
       1.0748125206028549e+03, 7.2777306010353982e+02 ]
PROJ_PTS: !!opencv-matrix
   rows: 80
   cols: 2
   dt: d
   data: [ 175., 122., 250., 122., 325., 122., 400., 122., 475., 122.,
       550., 122., 625., 122., 700., 122., 775., 122., 850., 122., 175.,
       197., 250., 197., 325., 197., 400., 197., 475., 197., 550., 197.,
       625., 197., 700., 197., 775., 197., 850., 197., 175., 272., 250.,
       272., 325., 272., 400., 272., 475., 272., 550., 272., 625., 272.,
       700., 272., 775., 272., 850., 272., 175., 347., 250., 347., 325.,
       347., 400., 347., 475., 347., 550., 347., 625., 347., 700., 347.,
       775., 347., 850., 347., 175., 422., 250., 422., 325., 422., 400.,
       422., 475., 422., 550., 422., 625., 422., 700., 422., 775., 422.,
       850., 422., 175., 497., 250., 497., 325., 497., 400., 497., 475.,
       497., 550., 497., 625., 497., 700., 497., 775., 497., 850., 497.,
       175., 572., 250., 572., 325., 572., 400., 572., 475., 572., 550.,
       572., 625., 572., 700., 572., 775., 572., 850., 572., 175., 647.,
       250., 647., 325., 647., 400., 647., 475., 647., 550., 647., 625.,
       647., 700., 647., 775., 647., 850., 647. ]
