%YAML:1.0
CAM_PTS: !!opencv-matrix
   rows: 80
   cols: 2
   dt: d
   data: [ 8.3813634438879194e+02, 3.5763792029293325e+02,
       8.7801096727043137e+02, 3.5511790411227707e+02,
       9.2000606586472259e+02, 3.5264822752709858e+02,
       9.6330108576185364e+02, 3.4977705211827185e+02,
       1.0089708411227924e+03, 3.4738572889141938e+02,
       1.0564122016686854e+03, 3.4411447003693911e+02,
       1.1058461576872942e+03, 3.4135996410097243e+02,
       1.1576103430692192e+03, 3.3840792603093252e+02,
       1.2124936492305540e+03, 3.3501472968601001e+02,
       1.2697943223858410e+03, 3.3156246957769292e+02,
       8.3125906264549735e+02, 4.0124238077055190e+02,
       8.7107536689692256e+02, 3.9984707271052866e+02,
       9.1248336684768913e+02, 3.9857571824669225e+02,
       9.5582086534297628e+02, 3.9687940886026900e+02,
       1.0008531185511771e+03, 3.9507528545696823e+02,
       1.0483374824092200e+03, 3.9326110340538412e+02,
       1.0976615231062046e+03, 3.9130669130071726e+02,
       1.1493712568264214e+03, 3.8866033020596024e+02,
       1.2036649105004071e+03, 3.8664805950172581e+02,
       1.2605804750443835e+03, 3.8457332765119196e+02,
       8.2433023934639039e+02, 4.4501351382941584e+02,
       8.6408553380925662e+02, 4.4456011769289114e+02,
       9.0541823097829342e+02, 4.4374251526228920e+02,
       9.4840082018730641e+02, 4.4293221715973414e+02,
       9.9352798775811584e+02, 4.4232384380061399e+02,
       1.0405875409825699e+03, 4.4118302106708984e+02,
       1.0895861580172289e+03, 4.4072337948585732e+02,
       1.1409771122955440e+03, 4.3945927872569416e+02,
       1.1948310138614311e+03, 4.3818518043812026e+02,
       1.2512956022950355e+03, 4.3785814217552155e+02,
       8.1761830379313403e+02, 4.8860097373717497e+02,
       8.5720725720432722e+02, 4.8856975857348317e+02,
       8.9832742968502600e+02, 4.8875217091255308e+02,
       9.4118178490261528e+02, 4.8929171291029769e+02,
       9.8582651752908350e+02, 4.8949383761792882e+02,
       1.0326200688573867e+03, 4.8970966117197042e+02,
       1.0812614363791756e+03, 4.8983968560327122e+02,
       1.1323062691028715e+03, 4.9009985417472444e+02,
       1.1859477057904919e+03, 4.9031509126582881e+02,
       1.2422853136322524e+03, 4.9080637707923768e+02,
       8.1075791107599809e+02, 5.3176247421927030e+02,
       8.5031087423979068e+02, 5.3262592404855843e+02,
       8.9121460370513569e+02, 5.3429600940256489e+02,
       9.3383199685339650e+02, 5.3496897060548463e+02,
       9.7821217343255057e+02, 5.3645005898997738e+02,
       1.0245475810237558e+03, 5.3760390651662419e+02,
       1.0732295956502828e+03, 5.3877216491326863e+02,
       1.1237846328739786e+03, 5.4035651783163905e+02,
       1.1771449565165235e+03, 5.4188683276011704e+02,
       1.2333507302558673e+03, 5.4304681237040700e+02,
       8.0431649473973903e+02, 5.7481499301608892e+02,
       8.4345733916059214e+02, 5.7658825773875071e+02,
       8.8408799338199537e+02, 5.7867320891793304e+02,
       9.2634978697403994e+02, 5.8100210236438261e+02,
       9.7055123343689115e+02, 5.8313599873893770e+02,
       1.0167032901762202e+03, 5.8548942241009433e+02,
       1.0649682623942235e+03, 5.8788235120364072e+02,
       1.1155126016353738e+03, 5.9037201309725060e+02,
       1.1685318514525891e+03, 5.9292978154551020e+02,
       1.2240157745774734e+03, 5.9612601114975712e+02,
       7.9752395189704760e+02, 6.1808711547875942e+02,
       8.3639649696745153e+02, 6.2061756804563356e+02,
       8.7699788549042387e+02, 6.2351213206788498e+02,
       9.1920796430290125e+02, 6.2651361430575810e+02,
       9.6305408324712539e+02, 6.2985474680759160e+02,
       1.0089058906162758e+03, 6.3306516256429677e+02,
       1.0571483210593651e+03, 6.3640948245767470e+02,
       1.1069918834912821e+03, 6.4018066253018696e+02,
       1.1597081427829273e+03, 6.4421422923829857e+02,
       1.2151806016401717e+03, 6.4806339137502187e+02,
       7.9080101322069447e+02, 6.6066744064455725e+02,
       8.2965918873266617e+02, 6.6442642230614945e+02,
       8.6968368409124798e+02, 6.6818185589750419e+02,
       9.1184994864430280e+02, 6.7225553637038001e+02,
       9.5526430494396277e+02, 6.7637630414208297e+02,
       1.0010329326961189e+03, 6.8039104901102758e+02,
       1.0486705979288238e+03, 6.8510646400293479e+02,
       1.0986753563131683e+03, 6.9002947322450370e+02,
       1.1509884790729488e+03, 6.9486337801290927e+02,
       1.2061249851640255e+03, 7.0038967681166957e+02 ]
PROJ_PTS: !!opencv-matrix
   rows: 80
   cols: 2
   dt: d
   data: [ 175., 122., 250., 122., 325., 122., 400., 122., 475., 122.,
       550., 122., 625., 122., 700., 122., 775., 122., 850., 122., 175.,
       197., 250., 197., 325., 197., 400., 197., 475., 197., 550., 197.,
       625., 197., 700., 197., 775., 197., 850., 197., 175., 272., 250.,
       272., 325., 272., 400., 272., 475., 272., 550., 272., 625., 272.,
       700., 272., 775., 272., 850., 272., 175., 347., 250., 347., 325.,
       347., 400., 347., 475., 347., 550., 347., 625., 347., 700., 347.,
       775., 347., 850., 347., 175., 422., 250., 422., 325., 422., 400.,
       422., 475., 422., 550., 422., 625., 422., 700., 422., 775., 422.,
       850., 422., 175., 497., 250., 497., 325., 497., 400., 497., 475.,
       497., 550., 497., 625., 497., 700., 497., 775., 497., 850., 497.,
       175., 572., 250., 572., 325., 572., 400., 572., 475., 572., 550.,
       572., 625., 572., 700., 572., 775., 572., 850., 572., 175., 647.,
       250., 647., 325., 647., 400., 647., 475., 647., 550., 647., 625.,
       647., 700., 647., 775., 647., 850., 647. ]
