%YAML:1.0
CAM_PTS: !!opencv-matrix
   rows: 80
   cols: 2
   dt: d
   data: [ 4.8000018210905318e+02, 4.0157548981497195e+02,
       5.1211499093493217e+02, 3.9849490187512936e+02,
       5.4507667638784983e+02, 3.9563067014040553e+02,
       5.7914346474884258e+02, 3.9301704930655512e+02,
       6.1408415560278854e+02, 3.9011950402966283e+02,
       6.4970359406312343e+02, 3.8718020184841089e+02,
       6.8662355264509756e+02, 3.8396362701289081e+02,
       7.2394960009635020e+02, 3.8084284028871571e+02,
       7.6325434849313854e+02, 3.7748624317835424e+02,
       8.0294640515291667e+02, 3.7422637794278040e+02,
       4.7572276710937280e+02, 4.4125627448776197e+02,
       5.0806236423557317e+02, 4.3905088402121800e+02,
       5.4097912960607573e+02, 4.3675957721385635e+02,
       5.7498201742368894e+02, 4.3451711477725030e+02,
       6.0948914638384190e+02, 4.3198064478411987e+02,
       6.4559625219189218e+02, 4.2945360823455064e+02,
       6.8200311425948394e+02, 4.2684550145692413e+02,
       7.1984088869754521e+02, 4.2434897385840782e+02,
       7.5847570375595376e+02, 4.2164064496850403e+02,
       7.9840024872194363e+02, 4.1871457645769271e+02,
       4.7190814301240613e+02, 4.8049129436742101e+02,
       5.0405421633139576e+02, 4.7880386659227599e+02,
       5.3677091256641620e+02, 4.7708323563595866e+02,
       5.7062298029634781e+02, 4.7515137335351614e+02,
       6.0549694438804227e+02, 4.7363406985661265e+02,
       6.4091902036073031e+02, 4.7156796440301758e+02,
       6.7759707509251075e+02, 4.6989676168264293e+02,
       7.1522907739978564e+02, 4.6756777455031568e+02,
       7.5394671153619595e+02, 4.6554848458417723e+02,
       7.9373873969992496e+02, 4.6354765664340238e+02,
       4.6790299212979738e+02, 5.1965128285817605e+02,
       4.9995308894385266e+02, 5.1869713018163407e+02,
       5.3279123617824268e+02, 5.1724215934246172e+02,
       5.6640623611988713e+02, 5.1638525822986298e+02,
       6.0107061399948736e+02, 5.1478461685603907e+02,
       6.3669712372900494e+02, 5.1379127042341281e+02,
       6.7305587892808262e+02, 5.1240981467468987e+02,
       7.1074563790813670e+02, 5.1084286621324588e+02,
       7.4920066884800281e+02, 5.0949768336837928e+02,
       7.8896464866281337e+02, 5.0822618325152968e+02,
       4.6384270102528802e+02, 5.5894325980710812e+02,
       4.9590748864101010e+02, 5.5836775639512155e+02,
       5.2858177823161327e+02, 5.5792106356979355e+02,
       5.6234577575012929e+02, 5.5676347039745201e+02,
       5.9693050651412773e+02, 5.5651642640227749e+02,
       6.3213890848597248e+02, 5.5562383934848958e+02,
       6.6884567695861676e+02, 5.5477303381923366e+02,
       7.0603425982643364e+02, 5.5432411125262968e+02,
       7.4460850558416655e+02, 5.5330610956518706e+02,
       7.8435618965529488e+02, 5.5242304444788465e+02,
       4.6003944252691934e+02, 5.9840114296619890e+02,
       4.9178283775912837e+02, 5.9830253696755744e+02,
       5.2446986646823245e+02, 5.9836008553866952e+02,
       5.5804027709541924e+02, 5.9817715708539356e+02,
       5.9251107121944892e+02, 5.9810922253631236e+02,
       6.2797416135739627e+02, 5.9829130745536338e+02,
       6.6438026467008171e+02, 5.9752580101452133e+02,
       7.0169331974973193e+02, 5.9723771023472750e+02,
       7.4012554244473461e+02, 5.9675438846732118e+02,
       7.7955563988594372e+02, 5.9660679528130481e+02,
       4.5601099703730216e+02, 6.3810112132336690e+02,
       4.8779772554560316e+02, 6.3826258764416298e+02,
       5.2047228495536729e+02, 6.3854458485555233e+02,
       5.5384508140745095e+02, 6.3863357187730003e+02,
       5.8835813771638425e+02, 6.3937910560375144e+02,
       6.2360653747704760e+02, 6.3989394678289341e+02,
       6.5979549913053813e+02, 6.4020862476370098e+02,
       6.9720986792164331e+02, 6.4054726932641245e+02,
       7.3551808674667950e+02, 6.4076137080997637e+02,
       7.7501872271309412e+02, 6.4129210554188012e+02,
       4.5174743518717560e+02, 6.7756348334865913e+02,
       4.8380478103560125e+02, 6.7823642634315559e+02,
       5.1617444465829260e+02, 6.7909504026893944e+02,
       5.4978054124224184e+02, 6.7995496251223835e+02,
       5.8408707415384015e+02, 6.8056447509877455e+02,
       6.1939329494183573e+02, 6.8196740279218739e+02,
       6.5556262137362501e+02, 6.8278050667478590e+02,
       6.9269844861744764e+02, 6.8403434371292917e+02,
       7.3078631216070050e+02, 6.8470071803344058e+02,
       7.7050861998370101e+02, 6.8625323747861682e+02 ]
PROJ_PTS: !!opencv-matrix
   rows: 80
   cols: 2
   dt: d
   data: [ 175., 122., 250., 122., 325., 122., 400., 122., 475., 122.,
       550., 122., 625., 122., 700., 122., 775., 122., 850., 122., 175.,
       197., 250., 197., 325., 197., 400., 197., 475., 197., 550., 197.,
       625., 197., 700., 197., 775., 197., 850., 197., 175., 272., 250.,
       272., 325., 272., 400., 272., 475., 272., 550., 272., 625., 272.,
       700., 272., 775., 272., 850., 272., 175., 347., 250., 347., 325.,
       347., 400., 347., 475., 347., 550., 347., 625., 347., 700., 347.,
       775., 347., 850., 347., 175., 422., 250., 422., 325., 422., 400.,
       422., 475., 422., 550., 422., 625., 422., 700., 422., 775., 422.,
       850., 422., 175., 497., 250., 497., 325., 497., 400., 497., 475.,
       497., 550., 497., 625., 497., 700., 497., 775., 497., 850., 497.,
       175., 572., 250., 572., 325., 572., 400., 572., 475., 572., 550.,
       572., 625., 572., 700., 572., 775., 572., 850., 572., 175., 647.,
       250., 647., 325., 647., 400., 647., 475., 647., 550., 647., 625.,
       647., 700., 647., 775., 647., 850., 647. ]
