%YAML:1.0
CAM_PTS: !!opencv-matrix
   rows: 80
   cols: 2
   dt: d
   data: [ 7.8078617741128676e+02, 3.7472822000748022e+02,
       8.2182045414594666e+02, 3.6742274911875728e+02,
       8.6482216296535410e+02, 3.6012354174480242e+02,
       9.0992310105774573e+02, 3.5229460903133798e+02,
       9.5737194910125424e+02, 3.4418595437329805e+02,
       1.0072995744908349e+03, 3.3520478297362320e+02,
       1.0598033468015576e+03, 3.2593995807250701e+02,
       1.1152957002431583e+03, 3.1684295485960541e+02,
       1.1742444148796485e+03, 3.0723801229475322e+02,
       1.2359912514041819e+03, 2.9609632497728967e+02,
       7.7635439200271139e+02, 4.1894760974157168e+02,
       8.1767486788489146e+02, 4.1276057698071207e+02,
       8.6054479663312623e+02, 4.0644133965965921e+02,
       9.0539380268691446e+02, 3.9996189995107534e+02,
       9.5272332539612694e+02, 3.9294304681113022e+02,
       1.0026407332697029e+03, 3.8592240346649533e+02,
       1.0548691980139979e+03, 3.7784798861364533e+02,
       1.1102866355123260e+03, 3.6986251617352525e+02,
       1.1686845668899202e+03, 3.6110661355598580e+02,
       1.2308729914954301e+03, 3.5226091009470417e+02,
       7.7220106093165316e+02, 4.6329091989365958e+02,
       8.1326410005710579e+02, 4.5832108041540641e+02,
       8.5620641653190046e+02, 4.5309614971209237e+02,
       9.0104910156664403e+02, 4.4770602140843994e+02,
       9.4816050542494281e+02, 4.4186243872276009e+02,
       9.9779141544169215e+02, 4.3574039448053702e+02,
       1.0500773484964275e+03, 4.2941301722245913e+02,
       1.1053513681049280e+03, 4.2245867676579218e+02,
       1.1636354757085758e+03, 4.1569434195089440e+02,
       1.2253953999254534e+03, 4.0790401306702120e+02,
       7.6805832143478688e+02, 5.0729108115248135e+02,
       8.0909505028583567e+02, 5.0360812228002823e+02,
       8.5171606153403991e+02, 4.9942707055214908e+02,
       8.9643138073382522e+02, 4.9527461642700308e+02,
       9.4339128498920911e+02, 4.9049464845614568e+02,
       9.9299297373553418e+02, 4.8580580197461802e+02,
       1.0449005321867271e+03, 4.8083206599788309e+02,
       1.1004408054997268e+03, 4.7547916797902491e+02,
       1.1584207597555487e+03, 4.6943084102937468e+02,
       1.2142135383298498e+03, 4.6478109413169034e+02,
       7.6385373693265137e+02, 5.5167408851277196e+02,
       8.0486190447776801e+02, 5.4831777359120372e+02,
       8.4728303508256977e+02, 5.4588316562800117e+02,
       8.9209529583630115e+02, 5.4234142702700012e+02,
       9.3869331534696221e+02, 5.3924442837883203e+02,
       9.8801354801019568e+02, 5.3587319244246794e+02,
       1.0402284662371376e+03, 5.3216714979932976e+02,
       1.0949373989325084e+03, 5.2834371043937665e+02,
       1.1532709323037864e+03, 5.2388595962721729e+02,
       1.2145542344671271e+03, 5.1926173047202940e+02,
       7.5962019315786654e+02, 5.9597023900231181e+02,
       8.0038803861059557e+02, 5.9407643996073318e+02,
       8.4269428678221209e+02, 5.9214464928588188e+02,
       8.8741051794158784e+02, 5.8997565780746697e+02,
       9.3388690364675210e+02, 5.8812213833469639e+02,
       9.8324690035861249e+02, 5.8569583641045142e+02,
       1.0354245171930791e+03, 5.8322674527217168e+02,
       1.0899782786085930e+03, 5.8072962878865985e+02,
       1.1478183015335039e+03, 5.7847452236447884e+02,
       1.2093417985485453e+03, 5.7558959015075811e+02,
       7.5557142178568631e+02, 6.4011564433236697e+02,
       7.9605010319644589e+02, 6.3927016024394334e+02,
       8.3852486492579703e+02, 6.3839103019114759e+02,
       8.8257893493085805e+02, 6.3756031346302689e+02,
       9.2957420382542159e+02, 6.3648862784942287e+02,
       9.7832968635484474e+02, 6.3573970287448446e+02,
       1.0303904204927355e+03, 6.3457603428607649e+02,
       1.0849460406480805e+03, 6.3359883609151973e+02,
       1.1428597919874092e+03, 6.3240795581894497e+02,
       1.2039662663453223e+03, 6.3171954411403806e+02,
       7.5131006233915218e+02, 6.8432121753431647e+02,
       7.9163215119064603e+02, 6.8441120537548352e+02,
       8.3383429099708883e+02, 6.8458567779346458e+02,
       8.7827664199657318e+02, 6.8480250365264862e+02,
       9.2476565864449378e+02, 6.8531423859183519e+02,
       9.7369318446180364e+02, 6.8576873239413362e+02,
       1.0253052156647377e+03, 6.8617093472607178e+02,
       1.0798493683959966e+03, 6.8632440917461224e+02,
       1.1374652383128487e+03, 6.8690779713809911e+02,
       1.1985946505005920e+03, 6.8749479188608291e+02 ]
PROJ_PTS: !!opencv-matrix
   rows: 80
   cols: 2
   dt: d
   data: [ 175., 122., 250., 122., 325., 122., 400., 122., 475., 122.,
       550., 122., 625., 122., 700., 122., 775., 122., 850., 122., 175.,
       197., 250., 197., 325., 197., 400., 197., 475., 197., 550., 197.,
       625., 197., 700., 197., 775., 197., 850., 197., 175., 272., 250.,
       272., 325., 272., 400., 272., 475., 272., 550., 272., 625., 272.,
       700., 272., 775., 272., 850., 272., 175., 347., 250., 347., 325.,
       347., 400., 347., 475., 347., 550., 347., 625., 347., 700., 347.,
       775., 347., 850., 347., 175., 422., 250., 422., 325., 422., 400.,
       422., 475., 422., 550., 422., 625., 422., 700., 422., 775., 422.,
       850., 422., 175., 497., 250., 497., 325., 497., 400., 497., 475.,
       497., 550., 497., 625., 497., 700., 497., 775., 497., 850., 497.,
       175., 572., 250., 572., 325., 572., 400., 572., 475., 572., 550.,
       572., 625., 572., 700., 572., 775., 572., 850., 572., 175., 647.,
       250., 647., 325., 647., 400., 647., 475., 647., 550., 647., 625.,
       647., 700., 647., 775., 647., 850., 647. ]
