%YAML:1.0
CAM_PTS: !!opencv-matrix
   rows: 80
   cols: 2
   dt: d
   data: [ 4.9954173170827255e+02, 3.4533658602574008e+02,
       5.3180312555914452e+02, 3.4324765069518890e+02,
       5.6471286226662630e+02, 3.4156430197061775e+02,
       5.9819964558488880e+02, 3.3949316318292881e+02,
       6.3244039817729208e+02, 3.3735066608437404e+02,
       6.6733544760744064e+02, 3.3531556674707747e+02,
       7.0324677012605957e+02, 3.3292377877223373e+02,
       7.3961332967205169e+02, 3.3069974303578664e+02,
       7.7693550411101489e+02, 3.2823898478139745e+02,
       8.1523097111728316e+02, 3.2576692345039299e+02,
       4.9601349752993571e+02, 3.8480662448902507e+02,
       5.2807936509750516e+02, 3.8339001527206028e+02,
       5.6080544373519626e+02, 3.8167141396654694e+02,
       5.9430720022644425e+02, 3.8005473701951962e+02,
       6.2836495841939404e+02, 3.7848850489942498e+02,
       6.6338433860309010e+02, 3.7695621357038527e+02,
       6.9875086879935407e+02, 3.7505954615269638e+02,
       7.3526525405404550e+02, 3.7315864706035950e+02,
       7.7232720311587673e+02, 3.7128649484256141e+02,
       8.1053124838875954e+02, 3.6922946810884343e+02,
       4.9237703886307384e+02, 4.2439108009654183e+02,
       5.2427804084728598e+02, 4.2322198401514390e+02,
       5.5715842310399887e+02, 4.2232258290121649e+02,
       5.9032218040713792e+02, 4.2111064310069651e+02,
       6.2447622842729731e+02, 4.1969844660200715e+02,
       6.5894146705048161e+02, 4.1868365279210144e+02,
       6.9461227411155892e+02, 4.1703895112912551e+02,
       7.3070036122044360e+02, 4.1581565615270722e+02,
       7.6779407884474153e+02, 4.1442366306953090e+02,
       8.0558351454825527e+02, 4.1286288475016846e+02,
       4.8864142888055557e+02, 4.6369570004938475e+02,
       5.2067833065260913e+02, 4.6307912932555524e+02,
       5.5317877882619530e+02, 4.6263249453757442e+02,
       5.8662250319025293e+02, 4.6151678863856523e+02,
       6.2049278378861300e+02, 4.6069755381964058e+02,
       6.5497264661453710e+02, 4.5990259847723064e+02,
       6.9023965389075568e+02, 4.5886364121903074e+02,
       7.2628509379966783e+02, 4.5834473046906561e+02,
       7.6337057376989776e+02, 4.5674628759552888e+02,
       8.0103229587632450e+02, 4.5640870504518574e+02,
       4.8497970401274813e+02, 5.0292291543514500e+02,
       5.1682561322280253e+02, 5.0266555102207963e+02,
       5.4953044087900730e+02, 5.0224935567392134e+02,
       5.8223572797270606e+02, 5.0199433192941865e+02,
       6.1647561172493556e+02, 5.0141309071309769e+02,
       6.5066584237172083e+02, 5.0089357809583726e+02,
       6.8590609928468177e+02, 5.0062740504580137e+02,
       7.2170378288688585e+02, 5.0036479906432703e+02,
       7.5864606171666060e+02, 4.9968515665663892e+02,
       7.9628224357488079e+02, 4.9908259781876359e+02,
       4.8135944487508124e+02, 5.4161933871289114e+02,
       5.1330196271697832e+02, 5.4177013439404152e+02,
       5.4549956373024418e+02, 5.4175966245163045e+02,
       5.7873801926602948e+02, 5.4210985735273130e+02,
       6.1233792987395066e+02, 5.4195995989149014e+02,
       6.4672329472236333e+02, 5.4197562290663711e+02,
       6.8159757179317796e+02, 5.4188131309701555e+02,
       7.1751192232052779e+02, 5.4211406997591791e+02,
       7.5395949702838823e+02, 5.4217625294429820e+02,
       7.9155736072003447e+02, 5.4178548806412675e+02,
       4.7798382995732510e+02, 5.8042406823587953e+02,
       5.0961381787367020e+02, 5.8056753111337002e+02,
       5.4181588025554640e+02, 5.8140417104294761e+02,
       5.7458904761475810e+02, 5.8202522224874599e+02,
       6.0830504442444010e+02, 5.8217267980640031e+02,
       6.4241381965152129e+02, 5.8255453416177636e+02,
       6.7750467310027352e+02, 5.8294932770993955e+02,
       7.1326397822089893e+02, 5.8348970317062719e+02,
       7.4984317124218933e+02, 5.8411810315627656e+02,
       7.8700805649879521e+02, 5.8458270213279002e+02,
       4.7431427574230281e+02, 6.1900209491175360e+02,
       5.0590070346396902e+02, 6.2013447127911536e+02,
       5.3791637102876200e+02, 6.2059082674545493e+02,
       5.7093592873798684e+02, 6.2190079274875177e+02,
       6.0442321517444952e+02, 6.2232123526893122e+02,
       6.3838878622314769e+02, 6.2323779008535769e+02,
       6.7332777108504956e+02, 6.2422570147695740e+02,
       7.0889343534166017e+02, 6.2472694686064460e+02,
       7.4529487094326964e+02, 6.2581516886947873e+02,
       7.8251277439392823e+02, 6.2663240042843779e+02 ]
PROJ_PTS: !!opencv-matrix
   rows: 80
   cols: 2
   dt: d
   data: [ 175., 122., 250., 122., 325., 122., 400., 122., 475., 122.,
       550., 122., 625., 122., 700., 122., 775., 122., 850., 122., 175.,
       197., 250., 197., 325., 197., 400., 197., 475., 197., 550., 197.,
       625., 197., 700., 197., 775., 197., 850., 197., 175., 272., 250.,
       272., 325., 272., 400., 272., 475., 272., 550., 272., 625., 272.,
       700., 272., 775., 272., 850., 272., 175., 347., 250., 347., 325.,
       347., 400., 347., 475., 347., 550., 347., 625., 347., 700., 347.,
       775., 347., 850., 347., 175., 422., 250., 422., 325., 422., 400.,
       422., 475., 422., 550., 422., 625., 422., 700., 422., 775., 422.,
       850., 422., 175., 497., 250., 497., 325., 497., 400., 497., 475.,
       497., 550., 497., 625., 497., 700., 497., 775., 497., 850., 497.,
       175., 572., 250., 572., 325., 572., 400., 572., 475., 572., 550.,
       572., 625., 572., 700., 572., 775., 572., 850., 572., 175., 647.,
       250., 647., 325., 647., 400., 647., 475., 647., 550., 647., 625.,
       647., 700., 647., 775., 647., 850., 647. ]
