%YAML:1.0
CAM_PTS: !!opencv-matrix
   rows: 80
   cols: 2
   dt: d
   data: [ 6.0955001519013194e+02, 4.3984942414466326e+02,
       6.4697514555660439e+02, 4.3392425443396553e+02,
       6.8535537687649423e+02, 4.2759052376542070e+02,
       7.2487585402973957e+02, 4.2099979026531173e+02,
       7.6587688694422593e+02, 4.1405981217850047e+02,
       8.0808967335872001e+02, 4.0708434674301998e+02,
       8.5162757510276094e+02, 3.9984426110106187e+02,
       8.9642400457389112e+02, 3.9242203189940676e+02,
       9.4315118187953442e+02, 3.8464109724887442e+02,
       9.9145328300713311e+02, 3.7652572922896729e+02,
       6.0865159206094131e+02, 4.8263568844299220e+02,
       6.4592567670706899e+02, 4.7742303374217670e+02,
       6.8440911395043645e+02, 4.7154563062810530e+02,
       7.2389698675006878e+02, 4.6565031818668820e+02,
       7.6492500597320782e+02, 4.5954523851631251e+02,
       8.0732223057029080e+02, 4.5335339690967794e+02,
       8.5098906968721212e+02, 4.4690612164101231e+02,
       8.9613072163436027e+02, 4.4002459653889719e+02,
       9.4282545620914902e+02, 4.3345277791891863e+02,
       9.9101972010102565e+02, 4.2617614621552161e+02,
       6.0724242184994114e+02, 5.2566771198264189e+02,
       6.4469324309727074e+02, 5.2084341465462126e+02,
       6.8332014796969884e+02, 5.1581360114118570e+02,
       7.2286093727720504e+02, 5.1086954381160217e+02,
       7.6412787432776690e+02, 5.0548401823128398e+02,
       8.0641639268244114e+02, 5.0016753818697515e+02,
       8.5024579247627912e+02, 4.9433185618684166e+02,
       8.9540138253287785e+02, 4.8841792133229524e+02,
       9.4221280614217358e+02, 4.8232040548566943e+02,
       9.9083026992608325e+02, 4.7581860608438456e+02,
       6.0611263492360479e+02, 5.6867098335480648e+02,
       6.4356926421679896e+02, 5.6469014371876267e+02,
       6.8222458312905349e+02, 5.6047873494059081e+02,
       7.2224388842566373e+02, 5.5611259742790105e+02,
       7.6313903699522064e+02, 5.5122538563387309e+02,
       8.0588444690770018e+02, 5.4641894988056538e+02,
       8.4945807959540650e+02, 5.4170734033589008e+02,
       8.9469753776379059e+02, 5.3659525552363277e+02,
       9.4183610465321647e+02, 5.3138940598415979e+02,
       9.9056297804368057e+02, 5.2584412146718023e+02,
       6.0483356010642046e+02, 6.1240861053282163e+02,
       6.4256238176242653e+02, 6.0863255627342676e+02,
       6.8134358498434040e+02, 6.0529377158544901e+02,
       7.2126262696335220e+02, 6.0130786107712311e+02,
       7.6224450201622506e+02, 5.9763099557110183e+02,
       8.0475549210527242e+02, 5.9349860956396685e+02,
       8.4903115738375936e+02, 5.8947922326438356e+02,
       8.9429842256851475e+02, 5.8497968680329257e+02,
       9.4141110452943394e+02, 5.8060717870591031e+02,
       9.8999154373144813e+02, 5.7596582541723194e+02,
       6.0351213800108280e+02, 6.5608462778764056e+02,
       6.4141696790614185e+02, 6.5312835754555772e+02,
       6.8016743644174699e+02, 6.5027785839469766e+02,
       7.2006229564822104e+02, 6.4715613421968078e+02,
       7.6135071977619054e+02, 6.4410895170633819e+02,
       8.0410871563076546e+02, 6.4067686359417394e+02,
       8.4791818352650091e+02, 6.3757126715176139e+02,
       8.9361238641427417e+02, 6.3394626196496017e+02,
       9.4066049420432796e+02, 6.3039935627449154e+02,
       9.8991199816821609e+02, 6.2643026856108122e+02,
       6.0226602123151588e+02, 7.0000724997403711e+02,
       6.4000114014487963e+02, 6.9783671243983326e+02,
       6.7881904082113192e+02, 6.9550667931489374e+02,
       7.1908191795896346e+02, 6.9326679353749773e+02,
       7.6043252669953279e+02, 6.9079481714143333e+02,
       8.0310560544104339e+02, 6.8828836072042918e+02,
       8.4734861171940543e+02, 6.8608279875322512e+02,
       8.9301044276541245e+02, 6.8316164402333573e+02,
       9.4019292612220909e+02, 6.8039239247537807e+02,
       9.8946557510210187e+02, 6.7787134520670918e+02,
       6.0099653931131229e+02, 7.4412364161064124e+02,
       6.3891063074885847e+02, 7.4273939703925839e+02,
       6.7779004611095036e+02, 7.4112158998460541e+02,
       7.1818079227538317e+02, 7.3959444033813315e+02,
       7.5934733042897255e+02, 7.3809955462100424e+02,
       8.0237532511789595e+02, 7.3623749534594572e+02,
       8.4661150225020640e+02, 7.3427382911035750e+02,
       8.9241469760574171e+02, 7.3248950570127704e+02,
       9.3990137667281283e+02, 7.3052636688980624e+02,
       9.8898195271364352e+02, 7.2875523279615209e+02 ]
PROJ_PTS: !!opencv-matrix
   rows: 80
   cols: 2
   dt: d
   data: [ 175., 122., 250., 122., 325., 122., 400., 122., 475., 122.,
       550., 122., 625., 122., 700., 122., 775., 122., 850., 122., 175.,
       197., 250., 197., 325., 197., 400., 197., 475., 197., 550., 197.,
       625., 197., 700., 197., 775., 197., 850., 197., 175., 272., 250.,
       272., 325., 272., 400., 272., 475., 272., 550., 272., 625., 272.,
       700., 272., 775., 272., 850., 272., 175., 347., 250., 347., 325.,
       347., 400., 347., 475., 347., 550., 347., 625., 347., 700., 347.,
       775., 347., 850., 347., 175., 422., 250., 422., 325., 422., 400.,
       422., 475., 422., 550., 422., 625., 422., 700., 422., 775., 422.,
       850., 422., 175., 497., 250., 497., 325., 497., 400., 497., 475.,
       497., 550., 497., 625., 497., 700., 497., 775., 497., 850., 497.,
       175., 572., 250., 572., 325., 572., 400., 572., 475., 572., 550.,
       572., 625., 572., 700., 572., 775., 572., 850., 572., 175., 647.,
       250., 647., 325., 647., 400., 647., 475., 647., 550., 647., 625.,
       647., 700., 647., 775., 647., 850., 647. ]
