%YAML:1.0
CAM_PTS: !!opencv-matrix
   rows: 80
   cols: 2
   dt: d
   data: [ 6.5544796232547719e+02, 4.2891110610575060e+02,
       6.8954788039673986e+02, 4.2482813461167325e+02,
       7.2471559702958143e+02, 4.2095759202266549e+02,
       7.6124398436370961e+02, 4.1674012359112430e+02,
       7.9932436738579679e+02, 4.1263975349326591e+02,
       8.3842962827007022e+02, 4.0822468512233013e+02,
       8.7954753016808741e+02, 4.0366795381691082e+02,
       9.2201904220692415e+02, 3.9870377624269707e+02,
       9.6645311348640803e+02, 3.9391898951403499e+02,
       1.0126115443050735e+03, 3.8847078807661171e+02,
       6.5134272836746936e+02, 4.6783439207647757e+02,
       6.8542556267096359e+02, 4.6480302146129736e+02,
       7.2055429264201121e+02, 4.6175539736243871e+02,
       7.5716892987799099e+02, 4.5851481638498331e+02,
       7.9481736734226399e+02, 4.5457680785187694e+02,
       8.3419765564369459e+02, 4.5125172585934337e+02,
       8.7499791024901742e+02, 4.4718363763003754e+02,
       9.1735259652685727e+02, 4.4345970130809218e+02,
       9.6157645684072133e+02, 4.3901151374938036e+02,
       1.0077356500349208e+03, 4.3491711833962779e+02,
       6.4743444132287846e+02, 5.0684089033076611e+02,
       6.8125154520187084e+02, 5.0451248202838696e+02,
       7.1636552126422089e+02, 5.0201353376279343e+02,
       7.5254449179154926e+02, 4.9958435268029496e+02,
       7.9051333793316212e+02, 4.9661169443535334e+02,
       8.2939897636527962e+02, 4.9425460150926909e+02,
       8.7023756448823190e+02, 4.9092782616469350e+02,
       9.1244581230924723e+02, 4.8830743393302942e+02,
       9.5687266568756127e+02, 4.8461866431350370e+02,
       1.0028584033055338e+03, 4.8107289242561546e+02,
       6.4314361158542522e+02, 5.4627633122975226e+02,
       6.7720948483293239e+02, 5.4435965323376070e+02,
       7.1208495885218008e+02, 5.4247531120341853e+02,
       7.4825869798743201e+02, 5.4061566980051077e+02,
       7.8592913503887894e+02, 5.3852027202787679e+02,
       8.2622527835084895e+02, 5.3643259324462736e+02,
       8.6558060418676553e+02, 5.3450393664941271e+02,
       9.0783074095550046e+02, 5.3252144467933203e+02,
       9.5197066368220521e+02, 5.3034685221826976e+02,
       9.9781579060498564e+02, 5.2779633700277839e+02,
       6.3934019335429184e+02, 5.8479421081891940e+02,
       6.7269843834522999e+02, 5.8427239947524913e+02,
       7.0788118618867861e+02, 5.8272614293886181e+02,
       7.4395020921508410e+02, 5.8187208466737138e+02,
       7.8154071842929079e+02, 5.8069311830386675e+02,
       8.2047915831254193e+02, 5.7941519630889491e+02,
       8.6098104414688044e+02, 5.7834227111523978e+02,
       9.0324186090374940e+02, 5.7679063996352477e+02,
       9.4715082064999910e+02, 5.7569086516030620e+02,
       9.9285610668220329e+02, 5.7440835453161026e+02,
       6.3498822189022860e+02, 6.2413644848924071e+02,
       6.6899684401286333e+02, 6.2367495468963000e+02,
       7.0353452892474274e+02, 6.2325052146180087e+02,
       7.3959246977464318e+02, 6.2306081324625131e+02,
       7.7719194148101690e+02, 6.2252021744843171e+02,
       8.1614032239256983e+02, 6.2239863243081209e+02,
       8.5646188510096295e+02, 6.2197248041563432e+02,
       8.9847556006884577e+02, 6.2150680921270452e+02,
       9.4224475940224852e+02, 6.2093565526073769e+02,
       9.8786868596882164e+02, 6.2040858635597783e+02,
       6.3131321294126133e+02, 6.6263892018820093e+02,
       6.6466098106000663e+02, 6.6322995168350531e+02,
       6.9944732918152204e+02, 6.6373104872923807e+02,
       7.3531191806407901e+02, 6.6427986039080054e+02,
       7.7271175876140921e+02, 6.6444102397255881e+02,
       8.1151473970907045e+02, 6.6486120550580574e+02,
       8.5191861174492828e+02, 6.6559542694431184e+02,
       8.9354086858475966e+02, 6.6616692054069108e+02,
       9.3742768438867188e+02, 6.6639512827275689e+02,
       9.8304854175301944e+02, 6.6665177268276193e+02,
       6.2700547861807058e+02, 7.0199073033213210e+02,
       6.6063199791777060e+02, 7.0286616481335966e+02,
       6.9516147552966834e+02, 7.0410917728106813e+02,
       7.3116731706880080e+02, 7.0531066751865558e+02,
       7.6829698621656974e+02, 7.0638956230769872e+02,
       8.0728480946661477e+02, 7.0808989350773220e+02,
       8.4736926732738846e+02, 7.0865754949896814e+02,
       8.8915604770445884e+02, 7.1028743104525563e+02,
       9.3245196771248857e+02, 7.1196135691690790e+02,
       9.7809712529877197e+02, 7.1344425547372975e+02 ]
PROJ_PTS: !!opencv-matrix
   rows: 80
   cols: 2
   dt: d
   data: [ 175., 122., 250., 122., 325., 122., 400., 122., 475., 122.,
       550., 122., 625., 122., 700., 122., 775., 122., 850., 122., 175.,
       197., 250., 197., 325., 197., 400., 197., 475., 197., 550., 197.,
       625., 197., 700., 197., 775., 197., 850., 197., 175., 272., 250.,
       272., 325., 272., 400., 272., 475., 272., 550., 272., 625., 272.,
       700., 272., 775., 272., 850., 272., 175., 347., 250., 347., 325.,
       347., 400., 347., 475., 347., 550., 347., 625., 347., 700., 347.,
       775., 347., 850., 347., 175., 422., 250., 422., 325., 422., 400.,
       422., 475., 422., 550., 422., 625., 422., 700., 422., 775., 422.,
       850., 422., 175., 497., 250., 497., 325., 497., 400., 497., 475.,
       497., 550., 497., 625., 497., 700., 497., 775., 497., 850., 497.,
       175., 572., 250., 572., 325., 572., 400., 572., 475., 572., 550.,
       572., 625., 572., 700., 572., 775., 572., 850., 572., 175., 647.,
       250., 647., 325., 647., 400., 647., 475., 647., 550., 647., 625.,
       647., 700., 647., 775., 647., 850., 647. ]
