%YAML:1.0
CAM_PTS: !!opencv-matrix
   rows: 80
   cols: 2
   dt: d
   data: [ 7.9346948753034735e+02, 4.0984728539464379e+02,
       8.3213247479474376e+02, 4.0507060780375082e+02,
       8.7215331000665276e+02, 4.0073392680814504e+02,
       9.1360398454975086e+02, 3.9578609588457181e+02,
       9.5695892396747490e+02, 3.9060236202741976e+02,
       1.0019377219200571e+03, 3.8529405091826561e+02,
       1.0490568137319619e+03, 3.7981340507767834e+02,
       1.0978833430508189e+03, 3.7401363140823105e+02,
       1.1491572985344410e+03, 3.6791637807487933e+02,
       1.2024859280481928e+03, 3.6177501836905634e+02,
       7.8968679774870691e+02, 4.5246921769761934e+02,
       8.2838361037086793e+02, 4.4848805787623490e+02,
       8.6829974778269343e+02, 4.4469703770829960e+02,
       9.0998652731269453e+02, 4.4057234742161938e+02,
       9.5313796449861093e+02, 4.3649779211765247e+02,
       9.9796468412394233e+02, 4.3220806083009870e+02,
       1.0449484955832763e+03, 4.2736754717671926e+02,
       1.0938125633740442e+03, 4.2275429697102959e+02,
       1.1449034941155423e+03, 4.1776579943211038e+02,
       1.1982443533173723e+03, 4.1242818816481213e+02,
       7.8640901229730878e+02, 4.9452391078243983e+02,
       8.2460121732509594e+02, 4.9183776959351115e+02,
       8.6467995825879359e+02, 4.8858118932025911e+02,
       9.0626797161735351e+02, 4.8541285993084995e+02,
       9.4920916028396323e+02, 4.8219851354369109e+02,
       9.9398064003781997e+02, 4.7867540580772697e+02,
       1.0409746628199487e+03, 4.7500217344630465e+02,
       1.0897386386788437e+03, 4.7121164041731402e+02,
       1.1407431690810683e+03, 4.6740470555588092e+02,
       1.1942550849202737e+03, 4.6330167580553410e+02,
       7.8267954285305541e+02, 5.3650740830344500e+02,
       8.2162256338356428e+02, 5.3455080330611861e+02,
       8.6105653933441749e+02, 5.3246364319820123e+02,
       9.0225253741581616e+02, 5.3037823386640082e+02,
       9.4532993659534407e+02, 5.2787538278698094e+02,
       9.9018279601301936e+02, 5.2534228563411807e+02,
       1.0368275285522868e+03, 5.2270008524012042e+02,
       1.0858125347057228e+03, 5.2001660261998279e+02,
       1.1365274052345326e+03, 5.1697300734558826e+02,
       1.1899626136944503e+03, 5.1420505215244623e+02,
       7.7921682495248876e+02, 5.7887037573653856e+02,
       8.1745474225820033e+02, 5.7790047920225106e+02,
       8.5745087230851414e+02, 5.7640803446036296e+02,
       8.9862418002152776e+02, 5.7462210069517369e+02,
       9.4158312964660240e+02, 5.7359534633849285e+02,
       9.8606275026238745e+02, 5.7204583492512597e+02,
       1.0327515252380017e+03, 5.7050661789229969e+02,
       1.0815928309442891e+03, 5.6849002551750414e+02,
       1.1324120847305207e+03, 5.6696362014472891e+02,
       1.1857439244521252e+03, 5.6469579155934775e+02,
       7.7539258902525853e+02, 6.2148721444010073e+02,
       8.1372252479583074e+02, 6.2066755353314102e+02,
       8.5366702737569085e+02, 6.2032944832889029e+02,
       8.9481429028315313e+02, 6.1986386225346257e+02,
       9.3773215356263586e+02, 6.1918311554781394e+02,
       9.8231529648854803e+02, 6.1847495843380830e+02,
       1.0287249030546459e+03, 6.1834904199754124e+02,
       1.0776101155652202e+03, 6.1751502770993886e+02,
       1.1283086342154625e+03, 6.1644599914056630e+02,
       1.1814039241959595e+03, 6.1618949641666848e+02,
       7.7201058651703693e+02, 6.6405892724493413e+02,
       8.1021985344236248e+02, 6.6429370465022612e+02,
       8.4981662918944687e+02, 6.6441893824879116e+02,
       8.9114834306774742e+02, 6.6447605220609887e+02,
       9.3376538442282970e+02, 6.6485615340636218e+02,
       9.7819287853238029e+02, 6.6541298585437710e+02,
       1.0247532074243404e+03, 6.6599897539179790e+02,
       1.0733442532138317e+03, 6.6599925605078022e+02,
       1.1240378758095821e+03, 6.6654656199272733e+02,
       1.1771699328859927e+03, 6.6708220839359751e+02,
       7.6835229629006392e+02, 7.0616013798735298e+02,
       8.0663015163972159e+02, 7.0731525626266728e+02,
       8.4602129110083592e+02, 7.0830738198374252e+02,
       8.8735067584340709e+02, 7.0995179145667976e+02,
       9.2994926214687325e+02, 7.1078255002857861e+02,
       9.7463352383061340e+02, 7.1222593863949362e+02,
       1.0207037191716247e+03, 7.1374540940118368e+02,
       1.0693708510323572e+03, 7.1507756156027403e+02,
       1.1197570582668391e+03, 7.1646617636855308e+02,
       1.1729009206556641e+03, 7.1811712176703077e+02 ]
PROJ_PTS: !!opencv-matrix
   rows: 80
   cols: 2
   dt: d
   data: [ 175., 122., 250., 122., 325., 122., 400., 122., 475., 122.,
       550., 122., 625., 122., 700., 122., 775., 122., 850., 122., 175.,
       197., 250., 197., 325., 197., 400., 197., 475., 197., 550., 197.,
       625., 197., 700., 197., 775., 197., 850., 197., 175., 272., 250.,
       272., 325., 272., 400., 272., 475., 272., 550., 272., 625., 272.,
       700., 272., 775., 272., 850., 272., 175., 347., 250., 347., 325.,
       347., 400., 347., 475., 347., 550., 347., 625., 347., 700., 347.,
       775., 347., 850., 347., 175., 422., 250., 422., 325., 422., 400.,
       422., 475., 422., 550., 422., 625., 422., 700., 422., 775., 422.,
       850., 422., 175., 497., 250., 497., 325., 497., 400., 497., 475.,
       497., 550., 497., 625., 497., 700., 497., 775., 497., 850., 497.,
       175., 572., 250., 572., 325., 572., 400., 572., 475., 572., 550.,
       572., 625., 572., 700., 572., 775., 572., 850., 572., 175., 647.,
       250., 647., 325., 647., 400., 647., 475., 647., 550., 647., 625.,
       647., 700., 647., 775., 647., 850., 647. ]
