%YAML:1.0
CAM_PTS: !!opencv-matrix
   rows: 80
   cols: 2
   dt: d
   data: [ 8.5124131944341389e+02, 3.9171341225380934e+02,
       8.9203452362670316e+02, 3.8737513311134876e+02,
       9.3395888674580556e+02, 3.8307133648084329e+02,
       9.7742111432475224e+02, 3.7803723017991666e+02,
       1.0223835682922166e+03, 3.7355024398134867e+02,
       1.0692882580744263e+03, 3.6856472451669322e+02,
       1.1178439519370004e+03, 3.6346289893071605e+02,
       1.1677208425422155e+03, 3.5839758273965606e+02,
       1.2203425252441052e+03, 3.5247309875147454e+02,
       1.2744109108602672e+03, 3.4675780018952844e+02,
       8.4848594015307685e+02, 4.3589345542449803e+02,
       8.8918048475267699e+02, 4.3239565824967866e+02,
       9.3105682513228930e+02, 4.2870001364284735e+02,
       9.7463622621966340e+02, 4.2477659035626488e+02,
       1.0195761073507794e+03, 4.2085435756777309e+02,
       1.0661149864661386e+03, 4.1681660333253694e+02,
       1.1148526007083724e+03, 4.1242581255874620e+02,
       1.1650314542034675e+03, 4.0793804377217975e+02,
       1.2172687645111137e+03, 4.0332383237941423e+02,
       1.2715331073144562e+03, 3.9862849584015618e+02,
       8.4596080209517243e+02, 4.8020024859714653e+02,
       8.8640779964150261e+02, 4.7686605167921618e+02,
       9.2825975692475390e+02, 4.7451621047611462e+02,
       9.7188364500374962e+02, 4.7085856358134919e+02,
       1.0167309644170155e+03, 4.6799122921029164e+02,
       1.0633327255183578e+03, 4.6485643524479565e+02,
       1.1118201199325622e+03, 4.6145495715790122e+02,
       1.1620380872954479e+03, 4.5747694420414393e+02,
       1.2143362693202034e+03, 4.5428839349205566e+02,
       1.2687171241007975e+03, 4.5012227091905834e+02,
       8.4255384539974250e+02, 5.2422588038902404e+02,
       8.8368395199249335e+02, 5.2180456261603797e+02,
       9.2548775319492961e+02, 5.1967600756119600e+02,
       9.6899715603152470e+02, 5.1754246162963182e+02,
       1.0138275600530774e+03, 5.1486455267148006e+02,
       1.0605786386280333e+03, 5.1272487163968378e+02,
       1.1087017701591819e+03, 5.1024383358788913e+02,
       1.1590633080298403e+03, 5.0770044021662045e+02,
       1.2096923527487124e+03, 5.0391597592055547e+02,
       1.2656024574062988e+03, 5.0211813218401977e+02,
       8.4034600871618386e+02, 5.6811007596568334e+02,
       8.8069396435567671e+02, 5.6648366803012914e+02,
       9.2256474863142716e+02, 5.6525044431745857e+02,
       9.6597684745466051e+02, 5.6408865056746981e+02,
       1.0108622439836132e+03, 5.6266882794370940e+02,
       1.0575275928255846e+03, 5.6065716821306523e+02,
       1.1057746820598277e+03, 5.5921059353382475e+02,
       1.1559853641851043e+03, 5.5780466844170371e+02,
       1.2081133757293821e+03, 5.5642024607933172e+02,
       1.2623721765894709e+03, 5.5429226399228821e+02,
       8.3749524410073150e+02, 6.1219310618234590e+02,
       8.7814432876706576e+02, 6.1161225464873985e+02,
       9.2008307818422509e+02, 6.1069037025826606e+02,
       9.6313524100568600e+02, 6.1038673038168065e+02,
       1.0078244471183419e+03, 6.0985594465772090e+02,
       1.0544975089906966e+03, 6.0902190915901735e+02,
       1.1028054030835028e+03, 6.0844317001978504e+02,
       1.1528276532523182e+03, 6.0802539824203473e+02,
       1.2050348062905371e+03, 6.0696076410486046e+02,
       1.2593070287895039e+03, 6.0627821049902661e+02,
       8.3466234153911375e+02, 6.5642184516615441e+02,
       8.7515191153362525e+02, 6.5652167886988502e+02,
       9.1705390665117579e+02, 6.5646606791278668e+02,
       9.6009518326450393e+02, 6.5669714929066322e+02,
       1.0048969491732366e+03, 6.5703028845109725e+02,
       1.0514118917925130e+03, 6.5738666149283540e+02,
       1.0997373064665501e+03, 6.5794559491019209e+02,
       1.1497832329125752e+03, 6.5795735514125852e+02,
       1.2021546569376471e+03, 6.5820001811228985e+02,
       1.2561327375451588e+03, 6.5809313857196616e+02,
       8.3167822308486211e+02, 7.0042039373361138e+02,
       8.7227611817795025e+02, 7.0132405747354494e+02,
       9.1404249616179845e+02, 7.0232730336233772e+02,
       9.5723625969762179e+02, 7.0350045555302154e+02,
       1.0018749116695767e+03, 7.0438602703703089e+02,
       1.0485207171439504e+03, 7.0583009042360186e+02,
       1.0966602823617764e+03, 7.0647762098539113e+02,
       1.1467082549447016e+03, 7.0782080476514011e+02,
       1.1987741292625997e+03, 7.0935984325795869e+02,
       1.2532214043004260e+03, 7.1085834058114199e+02 ]
PROJ_PTS: !!opencv-matrix
   rows: 80
   cols: 2
   dt: d
   data: [ 175., 122., 250., 122., 325., 122., 400., 122., 475., 122.,
       550., 122., 625., 122., 700., 122., 775., 122., 850., 122., 175.,
       197., 250., 197., 325., 197., 400., 197., 475., 197., 550., 197.,
       625., 197., 700., 197., 775., 197., 850., 197., 175., 272., 250.,
       272., 325., 272., 400., 272., 475., 272., 550., 272., 625., 272.,
       700., 272., 775., 272., 850., 272., 175., 347., 250., 347., 325.,
       347., 400., 347., 475., 347., 550., 347., 625., 347., 700., 347.,
       775., 347., 850., 347., 175., 422., 250., 422., 325., 422., 400.,
       422., 475., 422., 550., 422., 625., 422., 700., 422., 775., 422.,
       850., 422., 175., 497., 250., 497., 325., 497., 400., 497., 475.,
       497., 550., 497., 625., 497., 700., 497., 775., 497., 850., 497.,
       175., 572., 250., 572., 325., 572., 400., 572., 475., 572., 550.,
       572., 625., 572., 700., 572., 775., 572., 850., 572., 175., 647.,
       250., 647., 325., 647., 400., 647., 475., 647., 550., 647., 625.,
       647., 700., 647., 775., 647., 850., 647. ]
