%YAML:1.0
CAM_PTS: !!opencv-matrix
   rows: 80
   cols: 2
   dt: d
   data: [ 6.6301657145919580e+02, 4.0884558710797006e+02,
       6.9976672234375599e+02, 4.0583514295274563e+02,
       7.3763996079393701e+02, 4.0275418720886989e+02,
       7.7671349168340737e+02, 3.9947590436718588e+02,
       8.1728211387901126e+02, 3.9646474268312659e+02,
       8.5903651273695664e+02, 3.9285763978712384e+02,
       9.0204799300629361e+02, 3.8913969073399096e+02,
       9.4685243586737897e+02, 3.8551608865016880e+02,
       9.9257884624860048e+02, 3.8187101098268761e+02,
       1.0407097990234561e+03, 3.7777535846893198e+02,
       6.5900795362652241e+02, 4.5083910401923083e+02,
       6.9590753752054184e+02, 4.4865110483884524e+02,
       7.3345851446037057e+02, 4.4652288817235296e+02,
       7.7262605020344802e+02, 4.4390716475937745e+02,
       8.1284146921211823e+02, 4.4112562495197778e+02,
       8.5469599291359873e+02, 4.3854760615748751e+02,
       8.9753611766284666e+02, 4.3605780322500084e+02,
       9.4227734663049716e+02, 4.3294420245286619e+02,
       9.8871944654993524e+02, 4.2994389130948809e+02,
       1.0361658854855480e+03, 4.2709602121993294e+02,
       6.5486441732968763e+02, 4.9345980460391525e+02,
       6.9166222071676248e+02, 4.9161391945543903e+02,
       7.2943896792452688e+02, 4.9027034551260886e+02,
       7.6846906086128820e+02, 4.8836387033367390e+02,
       8.0875729821765901e+02, 4.8636787540880334e+02,
       8.5039080250912718e+02, 4.8438880068950584e+02,
       8.9348806264614723e+02, 4.8251538748601399e+02,
       9.3775210124779176e+02, 4.8036482918598762e+02,
       9.8389809073299409e+02, 4.7806775104397849e+02,
       1.0315671537084879e+03, 4.7582703408876768e+02,
       6.5106051393264215e+02, 5.3549505898073187e+02,
       6.8766156802564353e+02, 5.3445016457978397e+02,
       7.2533533014556224e+02, 5.3333564085039507e+02,
       7.6431964639694934e+02, 5.3248387715868967e+02,
       8.0472163484979762e+02, 5.3114108864563877e+02,
       8.4545115375373473e+02, 5.3016040492719708e+02,
       8.8914946402015732e+02, 5.2864036918350507e+02,
       9.3342817294580072e+02, 5.2759018076696566e+02,
       9.7915497491591623e+02, 5.2652710639590055e+02,
       1.0270053784951238e+03, 5.2476503019931351e+02,
       6.4676081814870633e+02, 5.7793533407469511e+02,
       6.8356240645746573e+02, 5.7745850738619902e+02,
       7.2121538506664456e+02, 5.7691012295626308e+02,
       7.6025605846765404e+02, 5.7663642237069712e+02,
       8.0028197777384310e+02, 5.7634688631893960e+02,
       8.4156720497177707e+02, 5.7625078236042111e+02,
       8.8456917381401342e+02, 5.7557435008934749e+02,
       9.2882306598082744e+02, 5.7493506598672923e+02,
       9.7495600005258962e+02, 5.7449109835226636e+02,
       1.0225243080207550e+03, 5.7422819587657057e+02,
       6.4281837667251898e+02, 6.2022156042402764e+02,
       6.7952415576895805e+02, 6.2039847366019706e+02,
       7.1717960899478874e+02, 6.2055795938193125e+02,
       7.5594276907130666e+02, 6.2109266343967329e+02,
       7.9580717853485817e+02, 6.2140723678601148e+02,
       8.3763485426897876e+02, 6.2166476962148545e+02,
       8.8030404342436293e+02, 6.2210725499166858e+02,
       9.2440224901375200e+02, 6.2238544037764984e+02,
       9.7044097517905857e+02, 6.2259983579483139e+02,
       1.0180641058820152e+03, 6.2322477798208217e+02,
       6.3882098771783865e+02, 6.6231717508665679e+02,
       6.7530680844500228e+02, 6.6328665194248038e+02,
       7.1294570663619493e+02, 6.6443923783445302e+02,
       7.5160345453392165e+02, 6.6552413075082427e+02,
       7.9172404644977587e+02, 6.6643759555119300e+02,
       8.3296316377226640e+02, 6.6768027802865436e+02,
       8.7597911723869299e+02, 6.6869603718410508e+02,
       9.2004020867809572e+02, 6.6998322292998932e+02,
       9.6594897851758469e+02, 6.7106764914698260e+02,
       1.0134719252327781e+03, 6.7231248728689798e+02,
       6.3478519735998975e+02, 7.0480025748271635e+02,
       6.7101813795910834e+02, 7.0634374634741016e+02,
       7.0871901857171883e+02, 7.0823114498539974e+02,
       7.4746114005198149e+02, 7.1006666518985821e+02,
       7.8742966303685648e+02, 7.1165825207369232e+02,
       8.2898691353338825e+02, 7.1371723660330417e+02,
       8.7148776099113161e+02, 7.1560075463907333e+02,
       9.1560948694937724e+02, 7.1780012591749858e+02,
       9.6140351148045818e+02, 7.1950082691607815e+02,
       1.0089942937860845e+03, 7.2196462894484182e+02 ]
PROJ_PTS: !!opencv-matrix
   rows: 80
   cols: 2
   dt: d
   data: [ 175., 122., 250., 122., 325., 122., 400., 122., 475., 122.,
       550., 122., 625., 122., 700., 122., 775., 122., 850., 122., 175.,
       197., 250., 197., 325., 197., 400., 197., 475., 197., 550., 197.,
       625., 197., 700., 197., 775., 197., 850., 197., 175., 272., 250.,
       272., 325., 272., 400., 272., 475., 272., 550., 272., 625., 272.,
       700., 272., 775., 272., 850., 272., 175., 347., 250., 347., 325.,
       347., 400., 347., 475., 347., 550., 347., 625., 347., 700., 347.,
       775., 347., 850., 347., 175., 422., 250., 422., 325., 422., 400.,
       422., 475., 422., 550., 422., 625., 422., 700., 422., 775., 422.,
       850., 422., 175., 497., 250., 497., 325., 497., 400., 497., 475.,
       497., 550., 497., 625., 497., 700., 497., 775., 497., 850., 497.,
       175., 572., 250., 572., 325., 572., 400., 572., 475., 572., 550.,
       572., 625., 572., 700., 572., 775., 572., 850., 572., 175., 647.,
       250., 647., 325., 647., 400., 647., 475., 647., 550., 647., 625.,
       647., 700., 647., 775., 647., 850., 647. ]
