%YAML:1.0
CAM_PTS: !!opencv-matrix
   rows: 80
   cols: 2
   dt: d
   data: [ 4.6879664593504486e+02, 4.0350665519557595e+02,
       5.0230910822799621e+02, 4.0295518602719085e+02,
       5.3640457005685187e+02, 4.0245164731439195e+02,
       5.7098301190380516e+02, 4.0197026662600751e+02,
       6.0605313061601044e+02, 4.0151389277905810e+02,
       6.4118567421791920e+02, 4.0110935900593955e+02,
       6.7731339748776816e+02, 4.0084192314916027e+02,
       7.1374047023850505e+02, 4.0045405087947154e+02,
       7.5087171818479487e+02, 3.9974230275620630e+02,
       7.8832375461967376e+02, 3.9905131890380238e+02,
       4.6543879641216137e+02, 4.4379234667971838e+02,
       4.9916200970020105e+02, 4.4359133206629065e+02,
       5.3307724672502036e+02, 4.4327225362817603e+02,
       5.6749978192295737e+02, 4.4317987384917421e+02,
       6.0265432226195014e+02, 4.4297770543108641e+02,
       6.3807635034209670e+02, 4.4301020562071329e+02,
       6.7382748226382375e+02, 4.4262740558927686e+02,
       7.1036708284493420e+02, 4.4257101627801558e+02,
       7.4728577903756513e+02, 4.4241591419948065e+02,
       7.8464003129969353e+02, 4.4219915456726198e+02,
       4.6236974203720320e+02, 4.8357746196679904e+02,
       4.9579761756761218e+02, 4.8390616244561630e+02,
       5.2970086113148852e+02, 4.8411217256472162e+02,
       5.6409322261141494e+02, 4.8453964229261999e+02,
       5.9914773914082502e+02, 4.8459556009606831e+02,
       6.3477468704214039e+02, 4.8473945375216550e+02,
       6.7041207946313284e+02, 4.8469076019028205e+02,
       7.0668030890921557e+02, 4.8458355244559743e+02,
       7.4363265987043781e+02, 4.8470669833063539e+02,
       7.8140836432412959e+02, 4.8467452024589704e+02,
       4.5898419220673861e+02, 5.2394637142191459e+02,
       4.9260693105700147e+02, 5.2459275565095174e+02,
       5.2644376663289427e+02, 5.2472103022261047e+02,
       5.6094308410213409e+02, 5.2494703495377451e+02,
       5.9575185928343353e+02, 5.2565143725435667e+02,
       6.3098789374881846e+02, 5.2620672561247648e+02,
       6.6691628078616577e+02, 5.2645469677828032e+02,
       7.0344048610299262e+02, 5.2669095258315451e+02,
       7.4020663068217493e+02, 5.2721684055897208e+02,
       7.7768198675556539e+02, 5.2768724484763743e+02,
       4.5568876487673509e+02, 5.6393959316708890e+02,
       4.8914472401591775e+02, 5.6455765473677468e+02,
       5.2322613181578072e+02, 5.6537169401267897e+02,
       5.5739854281148484e+02, 5.6623336679360079e+02,
       5.9244620502826479e+02, 5.6659644625225565e+02,
       6.2767906025931131e+02, 5.6774079091628096e+02,
       6.6362067576876564e+02, 5.6844761097821277e+02,
       6.9990976507887672e+02, 5.6867906118304961e+02,
       7.3670875949805827e+02, 5.7003923635337128e+02,
       7.7408633736869558e+02, 5.7045870869388887e+02,
       4.5244308727359828e+02, 6.0414701498569468e+02,
       4.8575381259053944e+02, 6.0478327804463129e+02,
       5.1984525155870801e+02, 6.0603926595574671e+02,
       5.5422134139723767e+02, 6.0714080999395730e+02,
       5.8887513728396118e+02, 6.0823129974532912e+02,
       6.2430678912345854e+02, 6.0908886046346640e+02,
       6.5995707773595279e+02, 6.1034486800622767e+02,
       6.9641495435796503e+02, 6.1083303667946075e+02,
       7.3320093327628388e+02, 6.1222907367311825e+02,
       7.7058959575856147e+02, 6.1316957958458158e+02,
       4.4931635761178723e+02, 6.4445145743216858e+02,
       4.8255366437195050e+02, 6.4590055693723184e+02,
       5.1658866712441113e+02, 6.4677322130764537e+02,
       5.5066321222867168e+02, 6.4814030846429603e+02,
       5.8564573973519521e+02, 6.4943578609317660e+02,
       6.2066585608405921e+02, 6.5066080927375094e+02,
       6.5662088547788881e+02, 6.5222179259186123e+02,
       6.9293075345109730e+02, 6.5340713984478782e+02,
       7.2966496920407496e+02, 6.5456845492896218e+02,
       7.6717314229297813e+02, 6.5622984560694749e+02,
       4.4579325854422848e+02, 6.8464449238983900e+02,
       4.7935851448439075e+02, 6.8626339868566913e+02,
       5.1310474432330000e+02, 6.8789324832062357e+02,
       5.4743198265953117e+02, 6.8942140036346063e+02,
       5.8215401278515208e+02, 6.9091469096881565e+02,
       6.1761188705023596e+02, 6.9229842961686302e+02,
       6.5333669685221435e+02, 6.9404234921552938e+02,
       6.8961176905378034e+02, 6.9579129257247746e+02,
       7.2633497517220530e+02, 6.9735830813503685e+02,
       7.6363582267633376e+02, 6.9908768986381631e+02 ]
PROJ_PTS: !!opencv-matrix
   rows: 80
   cols: 2
   dt: d
   data: [ 175., 122., 250., 122., 325., 122., 400., 122., 475., 122.,
       550., 122., 625., 122., 700., 122., 775., 122., 850., 122., 175.,
       197., 250., 197., 325., 197., 400., 197., 475., 197., 550., 197.,
       625., 197., 700., 197., 775., 197., 850., 197., 175., 272., 250.,
       272., 325., 272., 400., 272., 475., 272., 550., 272., 625., 272.,
       700., 272., 775., 272., 850., 272., 175., 347., 250., 347., 325.,
       347., 400., 347., 475., 347., 550., 347., 625., 347., 700., 347.,
       775., 347., 850., 347., 175., 422., 250., 422., 325., 422., 400.,
       422., 475., 422., 550., 422., 625., 422., 700., 422., 775., 422.,
       850., 422., 175., 497., 250., 497., 325., 497., 400., 497., 475.,
       497., 550., 497., 625., 497., 700., 497., 775., 497., 850., 497.,
       175., 572., 250., 572., 325., 572., 400., 572., 475., 572., 550.,
       572., 625., 572., 700., 572., 775., 572., 850., 572., 175., 647.,
       250., 647., 325., 647., 400., 647., 475., 647., 550., 647., 625.,
       647., 700., 647., 775., 647., 850., 647. ]
