%YAML:1.0
CAM_PTS: !!opencv-matrix
   rows: 80
   cols: 2
   dt: d
   data: [ 7.6315098868651990e+02, 4.1068354301000738e+02,
       8.0373138573593985e+02, 4.0904373088403088e+02,
       8.4562429300384019e+02, 4.0826570769072401e+02,
       8.8946697823219722e+02, 4.0677459132255728e+02,
       9.3524060588730413e+02, 4.0523788686142291e+02,
       9.8274337575402421e+02, 4.0337226823121512e+02,
       1.0327373669964395e+03, 4.0220271628461069e+02,
       1.0849594953102178e+03, 4.0055903699801411e+02,
       1.1394909021012697e+03, 3.9867858744800731e+02,
       1.1964499001403096e+03, 3.9705023838433368e+02,
       7.5594674407080527e+02, 4.5528046863072728e+02,
       7.9622006755398468e+02, 4.5489133441756883e+02,
       8.3804695755691034e+02, 4.5465791187625189e+02,
       8.8192011643112062e+02, 4.5446799568284064e+02,
       9.2714967883440045e+02, 4.5390097761725434e+02,
       9.7471442922520430e+02, 4.5325094901937086e+02,
       1.0243391722981146e+03, 4.5291999302060856e+02,
       1.0765882597051245e+03, 4.5226902195903301e+02,
       1.1309023728083669e+03, 4.5154346857261191e+02,
       1.1877922725420419e+03, 4.5136929972783025e+02,
       7.4859720542204332e+02, 5.0020213324133965e+02,
       7.8888631619823514e+02, 5.0041395288861992e+02,
       8.3063343074706165e+02, 5.0095157534101293e+02,
       8.7414729944072292e+02, 5.0158910016611810e+02,
       9.1959384972615771e+02, 5.0230150669560794e+02,
       9.6698985487660127e+02, 5.0257608845238650e+02,
       1.0163812692742958e+03, 5.0335792545997128e+02,
       1.0680677333456085e+03, 5.0412972318085150e+02,
       1.1222748467050037e+03, 5.0477993153889383e+02,
       1.1788073198202101e+03, 5.0552197977308549e+02,
       7.4143949755205324e+02, 5.4454287991944443e+02,
       7.8134262000286958e+02, 5.4634070273987663e+02,
       8.2243386342303006e+02, 5.4769488052201973e+02,
       8.6650413347898211e+02, 5.4881022696708237e+02,
       9.1144087904992796e+02, 5.5062365028667682e+02,
       9.5864076244638534e+02, 5.5232786764752802e+02,
       1.0079045322498107e+03, 5.5426845776827747e+02,
       1.0594636396013539e+03, 5.5624641685600716e+02,
       1.1135358316829670e+03, 5.5777634576706532e+02,
       1.1703507069573186e+03, 5.5996055487264084e+02,
       7.3410673218560873e+02, 5.8917799440348199e+02,
       7.7421519147662843e+02, 5.9150982851041647e+02,
       8.1552510852930027e+02, 5.9434636372291823e+02,
       8.5866923315299050e+02, 5.9634260829493394e+02,
       9.0355268042518719e+02, 5.9891200754089743e+02,
       9.5048365215120248e+02, 6.0199029876279735e+02,
       9.9967276953083058e+02, 6.0465519713153651e+02,
       1.0511441435821953e+03, 6.0789172750628745e+02,
       1.1050466661926289e+03, 6.1074022307553435e+02,
       1.1611887435639255e+03, 6.1435585854312546e+02,
       7.2679662278847218e+02, 6.3386545390154106e+02,
       7.6654373447063358e+02, 6.3704327922135394e+02,
       8.0791507232243339e+02, 6.4035977537803365e+02,
       8.5109347222985127e+02, 6.4416178993488461e+02,
       8.9562270663084064e+02, 6.4751957753848058e+02,
       9.4264152644342857e+02, 6.5154697205108198e+02,
       9.9128922089922764e+02, 6.5541934808185738e+02,
       1.0425690736920794e+03, 6.5962950473327487e+02,
       1.0963282350748127e+03, 6.6409738183289062e+02,
       1.1525741160134407e+03, 6.6864681916146469e+02,
       7.1957160170284658e+02, 6.7851500795371408e+02,
       7.5925794322049410e+02, 6.8252041823093191e+02,
       8.0048086662779724e+02, 6.8687698919020499e+02,
       8.4334975463022136e+02, 6.9143934326239787e+02,
       8.8797337253349065e+02, 6.9619346281187518e+02,
       9.3435563665393249e+02, 7.0097113618124047e+02,
       9.8314527183857797e+02, 7.0610007115095095e+02,
       1.0339838832879443e+03, 7.1137999719709694e+02,
       1.0876356097275502e+03, 7.1701375614398125e+02,
       1.1436436686597956e+03, 7.2308879469269198e+02,
       7.1231399217639034e+02, 7.2325028190364480e+02,
       7.5182863311164760e+02, 7.2814045126083647e+02,
       7.9278157912334643e+02, 7.3328582534918485e+02,
       8.3554495919405190e+02, 7.3901763296622812e+02,
       8.8014511753221780e+02, 7.4441746748096887e+02,
       9.2640693549248215e+02, 7.5089149782115737e+02,
       9.7494553095051447e+02, 7.5670564286044839e+02,
       1.0260870049197863e+03, 7.6342275782956153e+02,
       1.0788943645897155e+03, 7.7035932960076923e+02,
       1.1348109123318368e+03, 7.7749869022833468e+02 ]
PROJ_PTS: !!opencv-matrix
   rows: 80
   cols: 2
   dt: d
   data: [ 175., 122., 250., 122., 325., 122., 400., 122., 475., 122.,
       550., 122., 625., 122., 700., 122., 775., 122., 850., 122., 175.,
       197., 250., 197., 325., 197., 400., 197., 475., 197., 550., 197.,
       625., 197., 700., 197., 775., 197., 850., 197., 175., 272., 250.,
       272., 325., 272., 400., 272., 475., 272., 550., 272., 625., 272.,
       700., 272., 775., 272., 850., 272., 175., 347., 250., 347., 325.,
       347., 400., 347., 475., 347., 550., 347., 625., 347., 700., 347.,
       775., 347., 850., 347., 175., 422., 250., 422., 325., 422., 400.,
       422., 475., 422., 550., 422., 625., 422., 700., 422., 775., 422.,
       850., 422., 175., 497., 250., 497., 325., 497., 400., 497., 475.,
       497., 550., 497., 625., 497., 700., 497., 775., 497., 850., 497.,
       175., 572., 250., 572., 325., 572., 400., 572., 475., 572., 550.,
       572., 625., 572., 700., 572., 775., 572., 850., 572., 175., 647.,
       250., 647., 325., 647., 400., 647., 475., 647., 550., 647., 625.,
       647., 700., 647., 775., 647., 850., 647. ]
