<?xml version="1.0"?>
<opencv_storage>
<cwhomo type_id="opencv-matrix">
  <rows>3</rows>
  <cols>3</cols>
  <dt>d</dt>
  <data>
    6.4959090451450360e-02 9.4143609349928463e-04
    -6.0186009457409524e+00 -7.2785966113738405e-03
    7.1085855956337193e-02 -2.5292326297887699e+00
    -1.7614009536022330e-04 1.2426998257092981e-05
    9.9999999999999989e-01</data></cwhomo>
</opencv_storage>
