%YAML:1.0
H: !!opencv-matrix
   rows: 3
   cols: 3
   dt: d
   data: [ 1.4353913105729044e-01, -2.1133900943184616e-03,
       -1.0879688456586241e+01, -1.6328215167712788e-02,
       1.6237345144794055e-01, -1.5663078254221134e+01,
       -2.4506617482294139e-04, 1.2187827202366818e-05, 1. ]
