%YAML:1.0
CAM_PTS: !!opencv-matrix
   rows: 112
   cols: 2
   dt: d
   data: [ 8.2495279025680907e+02, 3.9839730932998009e+02,
       8.6670927350855720e+02, 3.8903303625331705e+02,
       9.0667564411550234e+02, 3.7914780533854059e+02,
       9.4595766488401819e+02, 3.7232521193811658e+02,
       9.8654470758689376e+02, 3.6250001170654866e+02,
       1.0227184532583450e+03, 3.5332035292246428e+02,
       1.0614078713840040e+03, 3.4523869227825162e+02,
       1.0951547614841145e+03, 3.3747011548856199e+02,
       1.1343920237435163e+03, 3.2953046402849174e+02,
       1.1679518530563514e+03, 3.2240010505644852e+02,
       1.2038175864919706e+03, 3.1220823356365418e+02,
       1.2379742076054563e+03, 3.0647132757976766e+02,
       1.2728784070388579e+03, 2.9708367766096450e+02,
       1.3068277523647064e+03, 2.8903554939466562e+02,
       8.3866671868486367e+02, 4.4374508478204910e+02,
       8.8036156587257335e+02, 4.3576482464464470e+02,
       9.1823510251180664e+02, 4.2636810230856122e+02,
       9.5877792419250636e+02, 4.1851118874349976e+02,
       9.9427504116425973e+02, 4.1005543832842136e+02,
       1.0341888416423797e+03, 4.0037954393877567e+02,
       1.0706315862325630e+03, 3.8909698804528500e+02,
       1.1072153215615317e+03, 3.8300772857059036e+02,
       1.1405889076794285e+03, 3.7505095705859503e+02,
       1.1785947689610621e+03, 3.6669216118639599e+02,
       1.2120383948659226e+03, 3.5639481869369808e+02,
       1.2467594768879746e+03, 3.5032944126616786e+02,
       1.2798380008899935e+03, 3.4121192649082622e+02,
       1.3151687551865334e+03, 3.3498577917518514e+02,
       8.5136999159277843e+02, 4.9335538901530288e+02,
       8.8937900552807127e+02, 4.8307277716544604e+02,
       9.3117568920975236e+02, 4.7369216830244852e+02,
       9.6783481648028760e+02, 4.6386479686367409e+02,
       1.0069052696756295e+03, 4.5500416807819209e+02,
       1.0415666911130875e+03, 4.4604679310100300e+02,
       1.0789697114746182e+03, 4.3633491239718603e+02,
       1.1144995700661570e+03, 4.2924023785605607e+02,
       1.1507127282961628e+03, 4.1835133467971571e+02,
       1.1850005866202969e+03, 4.1106130501424502e+02,
       1.2208550228956456e+03, 4.0266001939138414e+02,
       1.2541411533604123e+03, 3.9379447428371429e+02,
       1.2889100296753827e+03, 3.8625870913520822e+02,
       1.3220489046916014e+03, 3.7591352719271174e+02,
       8.6166815101685984e+02, 5.3787802061051184e+02,
       8.9860392060710069e+02, 5.2728817020502731e+02,
       9.4029267704488689e+02, 5.1776036695797325e+02,
       9.7627172669354172e+02, 5.0870962863106882e+02,
       1.0156141887597427e+03, 4.9878772152579876e+02,
       1.0533278305701501e+03, 4.9106838876411348e+02,
       1.0872172184885735e+03, 4.8191007357251050e+02,
       1.1253817572145892e+03, 4.7241112197871695e+02,
       1.1585997391596943e+03, 4.6409229968657530e+02,
       1.1946222821688875e+03, 4.5467872607823205e+02,
       1.2270452021593394e+03, 4.4650947161756659e+02,
       1.2630748249483208e+03, 4.3729168911117688e+02,
       1.2941297833944666e+03, 4.3029897238140586e+02,
       1.3299952944085364e+03, 4.2056735050379416e+02,
       8.7257059150606517e+02, 5.8555583527154056e+02,
       9.1013142306180862e+02, 5.7527747445972125e+02,
       9.4930665718535897e+02, 5.6353112628522888e+02,
       9.8676672060872261e+02, 5.5534264550099465e+02,
       1.0256395487752673e+03, 5.4453959289703641e+02,
       1.0622139532735962e+03, 5.3306825555691637e+02,
       1.0977088008843027e+03, 5.2593393269861997e+02,
       1.1314226583714424e+03, 5.1656746894090645e+02,
       1.1686549543229930e+03, 5.0693944859431201e+02,
       1.2012016253191196e+03, 4.9804459328903289e+02,
       1.2370453129404834e+03, 4.8861190215266998e+02,
       1.2684553840457957e+03, 4.8072886560031515e+02,
       1.3039839635981398e+03, 4.7204677907683487e+02,
       1.3351605775005896e+03, 4.6413272344587574e+02,
       8.8119790253433382e+02, 6.3118083220479002e+02,
       9.2167578717120216e+02, 6.1935070144335748e+02,
       9.5833704652941276e+02, 6.0924195562888588e+02,
       9.9702590110636390e+02, 5.9820263159815715e+02,
       1.0335652971010982e+03, 5.8773680227383750e+02,
       1.0715550080075363e+03, 5.7785317717529199e+02,
       1.1047365696183099e+03, 5.6922545595062797e+02,
       1.1421514223812196e+03, 5.5915795488250512e+02,
       1.1748405302218152e+03, 5.4917863973289661e+02,
       1.2106906941195605e+03, 5.4010062873844197e+02,
       1.2421879008423568e+03, 5.3196343268210921e+02,
       1.2779336327241767e+03, 5.2246689617885693e+02,
       1.3079891862152026e+03, 5.1414014452819242e+02,
       1.3439209009674187e+03, 5.0463135475073369e+02,
       8.9491437788223539e+02, 6.7092237627158124e+02,
       9.3107468209328761e+02, 6.6517313142156786e+02,
       9.6849298730091652e+02, 6.5229697116488433e+02,
       1.0057226203644557e+03, 6.4289953389927553e+02,
       1.0433482642757651e+03, 6.3180566488705836e+02,
       1.0793152506344022e+03, 6.2040536269397865e+02,
       1.1139526045439234e+03, 6.1090730508941613e+02,
       1.1474629740617643e+03, 6.0204339755128069e+02,
       1.1841086097870684e+03, 5.9223875097924588e+02,
       1.2175433775847723e+03, 5.8137618547075647e+02,
       1.2516633350236893e+03, 5.7293857757680144e+02,
       1.2843190323318506e+03, 5.6104341761368391e+02,
       1.3177556909455916e+03, 5.5542952805652794e+02,
       1.3498800676458245e+03, 5.4391084839256371e+02,
       9.0034717580043969e+02, 7.1729669874432432e+02,
       9.4298532808081779e+02, 7.0746930048818285e+02,
       9.8031691733717741e+02, 6.9440216953209472e+02,
       1.0168209273584698e+03, 6.8070358241144402e+02,
       1.0509227460276973e+03, 6.7490730033812429e+02,
       1.0888749724890663e+03, 6.6446116293079842e+02,
       1.1214154806083634e+03, 6.5417755640999360e+02,
       1.1587989028013958e+03, 6.4334766026614966e+02,
       1.1902604362349562e+03, 6.3409198730600599e+02,
       1.2236031789434905e+03, 6.2218050736961482e+02,
       1.2588951664739886e+03, 6.1242920392136602e+02,
       1.2914763599926114e+03, 6.0544237709148456e+02,
       1.3216331149591697e+03, 5.9606304269765553e+02,
       1.3563998069704303e+03, 5.8676020178346630e+02 ]
PROJ_PTS: !!opencv-matrix
   rows: 112
   cols: 2
   dt: d
   data: [ 125., 95., 200., 95., 275., 95., 350., 95., 425., 95., 500.,
       95., 575., 95., 650., 95., 725., 95., 800., 95., 875., 95., 950.,
       95., 1025., 95., 1100., 95., 125., 170., 200., 170., 275., 170.,
       350., 170., 425., 170., 500., 170., 575., 170., 650., 170., 725.,
       170., 800., 170., 875., 170., 950., 170., 1025., 170., 1100.,
       170., 125., 245., 200., 245., 275., 245., 350., 245., 425., 245.,
       500., 245., 575., 245., 650., 245., 725., 245., 800., 245., 875.,
       245., 950., 245., 1025., 245., 1100., 245., 125., 320., 200.,
       320., 275., 320., 350., 320., 425., 320., 500., 320., 575., 320.,
       650., 320., 725., 320., 800., 320., 875., 320., 950., 320., 1025.,
       320., 1100., 320., 125., 395., 200., 395., 275., 395., 350., 395.,
       425., 395., 500., 395., 575., 395., 650., 395., 725., 395., 800.,
       395., 875., 395., 950., 395., 1025., 395., 1100., 395., 125.,
       470., 200., 470., 275., 470., 350., 470., 425., 470., 500., 470.,
       575., 470., 650., 470., 725., 470., 800., 470., 875., 470., 950.,
       470., 1025., 470., 1100., 470., 125., 545., 200., 545., 275.,
       545., 350., 545., 425., 545., 500., 545., 575., 545., 650., 545.,
       725., 545., 800., 545., 875., 545., 950., 545., 1025., 545.,
       1100., 545., 125., 620., 200., 620., 275., 620., 350., 620., 425.,
       620., 500., 620., 575., 620., 650., 620., 725., 620., 800., 620.,
       875., 620., 950., 620., 1025., 620., 1100., 620. ]
