%YAML:1.0
CAM_PTS: !!opencv-matrix
   rows: 112
   cols: 2
   dt: d
   data: [ 5.6340072236154856e+02, 2.1325393159012441e+02,
       6.2068467786607232e+02, 2.2950439695867283e+02,
       6.7421383789218748e+02, 2.4711030924528472e+02,
       7.2605974965244866e+02, 2.6060374737554253e+02,
       7.7750203540604377e+02, 2.7494514098996092e+02,
       8.2439212001066289e+02, 2.8800099339268741e+02,
       8.7227195797382024e+02, 3.0275479878543689e+02,
       9.1504809651510254e+02, 3.1496620761586496e+02,
       9.5881928337839145e+02, 3.2409201699673054e+02,
       1.0007438662754843e+03, 3.3883779458051754e+02,
       1.0438846708719204e+03, 3.4994335827254270e+02,
       1.0806404550437110e+03, 3.6014222654003561e+02,
       1.1204814148915905e+03, 3.7021843409701808e+02,
       1.1566530107535702e+03, 3.8120258556686474e+02,
       5.5893798308328587e+02, 2.7296898308844607e+02,
       6.1653940778944911e+02, 2.8748101005661101e+02,
       6.6852554392205775e+02, 3.0105865045954295e+02,
       7.2246639976126380e+02, 3.1542096871075017e+02,
       7.7063933199237624e+02, 3.2855972927948989e+02,
       8.2071458432393933e+02, 3.4119960615455432e+02,
       8.6802170625344593e+02, 3.5072088855263468e+02,
       9.1317728095297127e+02, 3.6505316408787110e+02,
       9.5401356837151684e+02, 3.7650172943477850e+02,
       9.9815114619188842e+02, 3.8718498668949144e+02,
       1.0363756487976482e+03, 3.9671094492272709e+02,
       1.0773549172210221e+03, 4.0658091761126053e+02,
       1.1157113437466555e+03, 4.1587958062517305e+02,
       1.1545539104836785e+03, 4.2694619128047589e+02,
       5.5479653370750657e+02, 3.3016364777446353e+02,
       6.1234773237578929e+02, 3.4140416142800905e+02,
       6.6488008710346321e+02, 3.5721539777212780e+02,
       7.1842934713995487e+02, 3.6623274111351373e+02,
       7.6843135638726540e+02, 3.8170239103915145e+02,
       8.1496455800160095e+02, 3.9168221672610593e+02,
       8.6236917962742564e+02, 4.0290278057208849e+02,
       9.0577684215022191e+02, 4.1459939202545945e+02,
       9.4938386839128782e+02, 4.2280158636675469e+02,
       9.9100175487466254e+02, 4.3481721012347532e+02,
       1.0346484007611325e+03, 4.4486601908842692e+02,
       1.0738730093178324e+03, 4.5236675736740870e+02,
       1.1116165122299178e+03, 4.6320878046731605e+02,
       1.1471458069964779e+03, 4.7223301880074803e+02,
       5.4908576514073127e+02, 3.8534391960914650e+02,
       6.0612307277074285e+02, 4.0022851864447296e+02,
       6.5992612755728567e+02, 4.1002933128201198e+02,
       7.1335540771084436e+02, 4.2257654532245857e+02,
       7.6224199764528873e+02, 4.3291426057517413e+02,
       8.1158632481539883e+02, 4.4420244070875651e+02,
       8.5759181651107474e+02, 4.5340350226285614e+02,
       9.0342529614369391e+02, 4.6445682607722750e+02,
       9.4651962210390229e+02, 4.7269215699602921e+02,
       9.8736336949800329e+02, 4.8130961645588343e+02,
       1.0293935383946732e+03, 4.9046868681220514e+02,
       1.0684397964828922e+03, 5.0065125490508183e+02,
       1.1058831693039078e+03, 5.0722981319395200e+02,
       1.1439849175521294e+03, 5.1677973714188022e+02,
       5.4397148734485211e+02, 4.4118185311098091e+02,
       6.0165764635480036e+02, 4.5197533811195490e+02,
       6.5571970141500424e+02, 4.6566202631227475e+02,
       7.0951339978337842e+02, 4.7431863402023527e+02,
       7.5832200231785350e+02, 4.8543472604924716e+02,
       8.0569820950304734e+02, 4.9463420325818936e+02,
       8.5247173065561719e+02, 5.0354732316667616e+02,
       8.9737712914731560e+02, 5.1275832899532895e+02,
       9.4205694153196089e+02, 5.2244642412628082e+02,
       9.8221632908888932e+02, 5.3052962264262976e+02,
       1.0236358440004348e+03, 5.3782953588567341e+02,
       1.0635896670931593e+03, 5.4448443724187302e+02,
       1.1019802329951904e+03, 5.5447519731594366e+02,
       1.1390603136077154e+03, 5.6004883764830925e+02,
       5.3991841703272917e+02, 4.9905759962979084e+02,
       5.9705958543489260e+02, 5.0995673572209176e+02,
       6.5034315355530362e+02, 5.1860412758412076e+02,
       7.0375091346303839e+02, 5.2931434265305950e+02,
       7.5204337112647568e+02, 5.3759454950470342e+02,
       8.0142375556044635e+02, 5.4618063439325670e+02,
       8.4740035627110194e+02, 5.5412410101301862e+02,
       8.9250513122254301e+02, 5.6333768226577979e+02,
       9.3454799287702281e+02, 5.7102293529078247e+02,
       9.7866183305167340e+02, 5.7818120513861732e+02,
       1.0185992557686222e+03, 5.8458832237478180e+02,
       1.0587726090160709e+03, 5.9325218069655159e+02,
       1.0967973616306695e+03, 5.9843840851793607e+02,
       1.1345478532912359e+03, 6.0725120696538852e+02,
       5.3449361806238619e+02, 5.5644004300585743e+02,
       5.9020474261704294e+02, 5.6508642500184237e+02,
       6.4471059865466054e+02, 5.7308668338159362e+02,
       6.9606317682693441e+02, 5.8211886117382653e+02,
       7.4750496836756099e+02, 5.8948126385842238e+02,
       7.9541778787558599e+02, 5.9703781489557286e+02,
       8.4192839053896648e+02, 6.0444051023086729e+02,
       8.8571704835584728e+02, 6.1272283508038015e+02,
       9.3125053512195541e+02, 6.1927138905567097e+02,
       9.7140043428336503e+02, 6.2590301232103411e+02,
       1.0140301831698712e+03, 6.3314656800383489e+02,
       1.0534932995402139e+03, 6.3815410770727919e+02,
       1.0917922065642836e+03, 6.4502220303615400e+02,
       1.1280753969180246e+03, 6.5110810710887608e+02,
       5.3114819423519725e+02, 6.0691641783025068e+02,
       5.8573708725653103e+02, 6.2018648878531826e+02,
       6.3958241473397425e+02, 6.2693555909764564e+02,
       6.9122980605004477e+02, 6.3378468496045969e+02,
       7.4302260927940767e+02, 6.3997992992787124e+02,
       7.9034086612857823e+02, 6.4788604424393293e+02,
       8.3730428077268402e+02, 6.5448433061693527e+02,
       8.8252932790379964e+02, 6.6222404479757324e+02,
       9.2587302655045391e+02, 6.6709422836805788e+02,
       9.6875964380178561e+02, 6.7425823596214036e+02,
       1.0080224293079004e+03, 6.7994253233024210e+02,
       1.0488335654517946e+03, 6.8535914351659505e+02,
       1.0868267453296824e+03, 6.8972662102402876e+02,
       1.1244518873182069e+03, 6.9664305476139702e+02 ]
PROJ_PTS: !!opencv-matrix
   rows: 112
   cols: 2
   dt: d
   data: [ 125., 95., 200., 95., 275., 95., 350., 95., 425., 95., 500.,
       95., 575., 95., 650., 95., 725., 95., 800., 95., 875., 95., 950.,
       95., 1025., 95., 1100., 95., 125., 170., 200., 170., 275., 170.,
       350., 170., 425., 170., 500., 170., 575., 170., 650., 170., 725.,
       170., 800., 170., 875., 170., 950., 170., 1025., 170., 1100.,
       170., 125., 245., 200., 245., 275., 245., 350., 245., 425., 245.,
       500., 245., 575., 245., 650., 245., 725., 245., 800., 245., 875.,
       245., 950., 245., 1025., 245., 1100., 245., 125., 320., 200.,
       320., 275., 320., 350., 320., 425., 320., 500., 320., 575., 320.,
       650., 320., 725., 320., 800., 320., 875., 320., 950., 320., 1025.,
       320., 1100., 320., 125., 395., 200., 395., 275., 395., 350., 395.,
       425., 395., 500., 395., 575., 395., 650., 395., 725., 395., 800.,
       395., 875., 395., 950., 395., 1025., 395., 1100., 395., 125.,
       470., 200., 470., 275., 470., 350., 470., 425., 470., 500., 470.,
       575., 470., 650., 470., 725., 470., 800., 470., 875., 470., 950.,
       470., 1025., 470., 1100., 470., 125., 545., 200., 545., 275.,
       545., 350., 545., 425., 545., 500., 545., 575., 545., 650., 545.,
       725., 545., 800., 545., 875., 545., 950., 545., 1025., 545.,
       1100., 545., 125., 620., 200., 620., 275., 620., 350., 620., 425.,
       620., 500., 620., 575., 620., 650., 620., 725., 620., 800., 620.,
       875., 620., 950., 620., 1025., 620., 1100., 620. ]
