%YAML:1.0
CAM_PTS: !!opencv-matrix
   rows: 112
   cols: 2
   dt: d
   data: [ 5.9886751612553883e+02, 3.0948215455589906e+02,
       6.5379985380551977e+02, 3.1396926667350579e+02,
       7.0544470655799580e+02, 3.1872966130422719e+02,
       7.5482663459216019e+02, 3.2457660086711525e+02,
       8.0661851223621886e+02, 3.3056535828655740e+02,
       8.5138585296802160e+02, 3.3473615471328139e+02,
       8.9999839590932197e+02, 3.3938534928574836e+02,
       9.4204780357978336e+02, 3.4437355329494068e+02,
       9.8758021124026573e+02, 3.4773564123514780e+02,
       1.0276740621282256e+03, 3.5089142148133874e+02,
       1.0686866419464491e+03, 3.5603207906870642e+02,
       1.1048311124620316e+03, 3.5969036803633219e+02,
       1.1456217915523707e+03, 3.6361157719781096e+02,
       1.1804836143140590e+03, 3.6658919581388761e+02,
       6.0020358758426232e+02, 3.6670628354758691e+02,
       6.5701283153919815e+02, 3.7213521945325147e+02,
       7.1007704525964130e+02, 3.7434270117874360e+02,
       7.6048090763552887e+02, 3.8081892530834909e+02,
       8.0726568632317071e+02, 3.8406820381611521e+02,
       8.5630321264170414e+02, 3.8817162842660230e+02,
       9.0122383855048224e+02, 3.9055011318533616e+02,
       9.4604731994169424e+02, 3.9527905808740570e+02,
       9.8675476637584666e+02, 3.9855800520190456e+02,
       1.0294742199887810e+03, 4.0126521880471137e+02,
       1.0684583452720378e+03, 4.0356433409923079e+02,
       1.1083773819117193e+03, 4.0783260834825603e+02,
       1.1455250927089373e+03, 4.0986765821185412e+02,
       1.1841459118491653e+03, 4.1439292503784054e+02,
       6.0620677645482510e+02, 4.2368329473395357e+02,
       6.6005385809304710e+02, 4.2770710791511738e+02,
       7.1375951844890415e+02, 4.3171067490089604e+02,
       7.6255976996132529e+02, 4.3273096989573537e+02,
       8.1288748392717582e+02, 4.3733830025723069e+02,
       8.5869167987367734e+02, 4.3785264656938125e+02,
       9.0449685742748204e+02, 4.4299155173849272e+02,
       9.4601709605618134e+02, 4.4609082230944318e+02,
       9.9084681874727289e+02, 4.4804874846165251e+02,
       1.0302716717795101e+03, 4.4919568793834151e+02,
       1.0701414470089853e+03, 4.5069277925307802e+02,
       1.1086840013190545e+03, 4.5386927933821005e+02,
       1.1448461769868654e+03, 4.5540469297392548e+02,
       1.1822071211245132e+03, 4.5985404328559139e+02,
       6.0855797332079521e+02, 4.7831312162111510e+02,
       6.6471339946537216e+02, 4.8381579164597463e+02,
       7.1485401870724115e+02, 4.8573076937276380e+02,
       7.6610093944544724e+02, 4.8746986571210101e+02,
       8.1341755684238308e+02, 4.8938053607761032e+02,
       8.6155324791954820e+02, 4.9167030405666713e+02,
       9.0439384497209028e+02, 4.9382236890220526e+02,
       9.4936556151984314e+02, 4.9571485048526716e+02,
       9.8994344941911083e+02, 4.9679742382253164e+02,
       1.0325551345173419e+03, 4.9872016251411924e+02,
       1.0693840295807174e+03, 5.0030599472456163e+02,
       1.1107752163588698e+03, 5.0214522331561022e+02,
       1.1452812357117166e+03, 5.0321259929762789e+02,
       1.1846639900991377e+03, 5.0528884760966309e+02,
       6.1401219269838930e+02, 5.3676354528258616e+02,
       6.6766909400996383e+02, 5.3570022829412483e+02,
       7.1927158712675100e+02, 5.3871362900653560e+02,
       7.6722393019662400e+02, 5.4142871841929787e+02,
       8.1639470343772200e+02, 5.4134381006452054e+02,
       8.6248601360258488e+02, 5.4063110083324068e+02,
       9.0740864397090184e+02, 5.4345911126827184e+02,
       9.4919641349152573e+02, 5.4467168111507385e+02,
       9.9310748057019759e+02, 5.4565837288442060e+02,
       1.0321867059879510e+03, 5.4530169022008522e+02,
       1.0724074853660245e+03, 5.4775090626520364e+02,
       1.1091619214011930e+03, 5.4769645315120738e+02,
       1.1483861521359379e+03, 5.4915705118694837e+02,
       1.1825291236094772e+03, 5.4984269914990466e+02,
       6.1868971745016461e+02, 5.9144158829090350e+02,
       6.7053531575889042e+02, 5.9253577150080855e+02,
       7.1953572640056120e+02, 5.9264486787933924e+02,
       7.7049709414633503e+02, 5.9212498934220741e+02,
       8.1749977939905057e+02, 5.9149993610129798e+02,
       8.6450187331691859e+02, 5.9348118299380053e+02,
       9.0745791440405924e+02, 5.9353549826006190e+02,
       9.5033353118970194e+02, 5.9167697452305765e+02,
       9.9215837903700583e+02, 5.9350497023455114e+02,
       1.0337809378872510e+03, 5.9098810277028542e+02,
       1.0727672201963881e+03, 5.9280697459441751e+02,
       1.1123310318600968e+03, 5.9197407592278012e+02,
       1.1457720384394283e+03, 5.9196879890877267e+02,
       1.1824363796951325e+03, 5.9236357249338391e+02,
       6.2072490773728032e+02, 6.4736992643598364e+02,
       6.7335143289494397e+02, 6.4569335442673753e+02,
       7.2362262561430873e+02, 6.4505361932640244e+02,
       7.7240321024905279e+02, 6.4487097933489895e+02,
       8.2045976624290381e+02, 6.4387599859850218e+02,
       8.6444967628698100e+02, 6.4348743112699151e+02,
       9.1136371278575655e+02, 6.4242359929695817e+02,
       9.5177740546841767e+02, 6.4042057110469386e+02,
       9.9441810231045315e+02, 6.4046372647148610e+02,
       1.0347384828235329e+03, 6.3883055978108689e+02,
       1.0693699750693827e+03, 6.4127086276139732e+02,
       1.1112152464814938e+03, 6.3960325934871344e+02,
       1.1473960007044795e+03, 6.3784353466102107e+02,
       1.1834833633909598e+03, 6.3920270875055417e+02,
       6.2316158160047598e+02, 7.0171965577414130e+02,
       6.7672424196974578e+02, 7.0064139954210293e+02,
       7.2558196202827878e+02, 6.9688311871395217e+02,
       7.7639622378171123e+02, 6.9642814085633074e+02,
       8.2348539449691043e+02, 6.9342596033788698e+02,
       8.6657877898266088e+02, 6.9178189265551941e+02,
       9.1182669223373239e+02, 6.9054514148762598e+02,
       9.5333333097664251e+02, 6.8854983663541520e+02,
       9.9695091836109714e+02, 6.8739916166423052e+02,
       1.0311785109509719e+03, 6.8763901615908173e+02,
       1.0757048739386967e+03, 6.8254778521598746e+02,
       1.1112067689665569e+03, 6.8244646451607696e+02,
       1.1501401848912833e+03, 6.8185969934531192e+02,
       1.1844972963018515e+03, 6.8075322659422409e+02 ]
PROJ_PTS: !!opencv-matrix
   rows: 112
   cols: 2
   dt: d
   data: [ 125., 95., 200., 95., 275., 95., 350., 95., 425., 95., 500.,
       95., 575., 95., 650., 95., 725., 95., 800., 95., 875., 95., 950.,
       95., 1025., 95., 1100., 95., 125., 170., 200., 170., 275., 170.,
       350., 170., 425., 170., 500., 170., 575., 170., 650., 170., 725.,
       170., 800., 170., 875., 170., 950., 170., 1025., 170., 1100.,
       170., 125., 245., 200., 245., 275., 245., 350., 245., 425., 245.,
       500., 245., 575., 245., 650., 245., 725., 245., 800., 245., 875.,
       245., 950., 245., 1025., 245., 1100., 245., 125., 320., 200.,
       320., 275., 320., 350., 320., 425., 320., 500., 320., 575., 320.,
       650., 320., 725., 320., 800., 320., 875., 320., 950., 320., 1025.,
       320., 1100., 320., 125., 395., 200., 395., 275., 395., 350., 395.,
       425., 395., 500., 395., 575., 395., 650., 395., 725., 395., 800.,
       395., 875., 395., 950., 395., 1025., 395., 1100., 395., 125.,
       470., 200., 470., 275., 470., 350., 470., 425., 470., 500., 470.,
       575., 470., 650., 470., 725., 470., 800., 470., 875., 470., 950.,
       470., 1025., 470., 1100., 470., 125., 545., 200., 545., 275.,
       545., 350., 545., 425., 545., 500., 545., 575., 545., 650., 545.,
       725., 545., 800., 545., 875., 545., 950., 545., 1025., 545.,
       1100., 545., 125., 620., 200., 620., 275., 620., 350., 620., 425.,
       620., 500., 620., 575., 620., 650., 620., 725., 620., 800., 620.,
       875., 620., 950., 620., 1025., 620., 1100., 620. ]
