%YAML:1.0
CAM_PTS: !!opencv-matrix
   rows: 112
   cols: 2
   dt: d
   data: [ 4.9861674212889932e+02, 3.5236296450318321e+02,
       5.4765857642497303e+02, 3.5501076452995824e+02,
       5.9510675713330556e+02, 3.5772426064069373e+02,
       6.4408543050735079e+02, 3.5983282393411412e+02,
       6.8741385935828180e+02, 3.6430126433783875e+02,
       7.3376429625241053e+02, 3.6508224087721254e+02,
       7.7557536849487803e+02, 3.6861125097708066e+02,
       8.1746006980365087e+02, 3.7257364708779448e+02,
       8.6026372374230368e+02, 3.7566988414203922e+02,
       8.9770538307049503e+02, 3.7565467634642687e+02,
       9.3777238702846785e+02, 3.8028864345597481e+02,
       9.7479068751735065e+02, 3.8035154219877518e+02,
       1.0123730605643285e+03, 3.8445937532364229e+02,
       1.0500187137718965e+03, 3.8277401515009865e+02,
       5.0243494056379984e+02, 4.0294612807795590e+02,
       5.5134675976099663e+02, 4.0597150803779891e+02,
       5.9884395755663627e+02, 4.1023311544253420e+02,
       6.4581559873604692e+02, 4.1303930077651063e+02,
       6.9145262836487018e+02, 4.1180571262748811e+02,
       7.3584725366570626e+02, 4.1655592936159780e+02,
       7.7704402191405472e+02, 4.1729349291369772e+02,
       8.1941428565555054e+02, 4.2066540330386090e+02,
       8.6032318319712886e+02, 4.1896500181766680e+02,
       9.0109712953165990e+02, 4.2349073853002437e+02,
       9.3764857972332766e+02, 4.2442323360088136e+02,
       9.7703648976729892e+02, 4.2714514145129237e+02,
       1.0105245014895291e+03, 4.2814538736885549e+02,
       1.0488067739069331e+03, 4.2826981998394660e+02,
       5.0627606753954859e+02, 4.5713018361125921e+02,
       5.5312196338447723e+02, 4.5658740599178475e+02,
       6.0226291288565221e+02, 4.5991089191390608e+02,
       6.4654586826731270e+02, 4.6181498928535018e+02,
       6.9365101266622332e+02, 4.6357957143159268e+02,
       7.3746237109354638e+02, 4.6225550777376998e+02,
       7.7964308992853648e+02, 4.6660000485578007e+02,
       8.1998465172375154e+02, 4.6660596566193465e+02,
       8.6043907394639052e+02, 4.6712627419401076e+02,
       8.9747369754247347e+02, 4.7021482147161942e+02,
       9.3929939885194040e+02, 4.7075883194057837e+02,
       9.7415763206932513e+02, 4.7187438588498537e+02,
       1.0123027863557794e+03, 4.7088644725594480e+02,
       1.0496267885732532e+03, 4.7036660680446442e+02,
       5.0695720348842735e+02, 5.0866298694377747e+02,
       5.5739386565446966e+02, 5.0899332675241089e+02,
       6.0222825834911680e+02, 5.0970324703741630e+02,
       6.5089955112551843e+02, 5.1045438736142825e+02,
       6.9467172828824300e+02, 5.0848734702650466e+02,
       7.3703974325107833e+02, 5.1054649948325994e+02,
       7.8130058247285660e+02, 5.1003624922766591e+02,
       8.2168586648497330e+02, 5.1342581231239194e+02,
       8.6096887051017313e+02, 5.1303947917904475e+02,
       9.0126780976986333e+02, 5.1443978871167030e+02,
       9.3632175522873604e+02, 5.1537127303907448e+02,
       9.7564019266388925e+02, 5.1415174448872801e+02,
       1.0130280071203215e+03, 5.1308392971068190e+02,
       1.0498357295508795e+03, 5.1642021035561856e+02,
       5.0993155781745469e+02, 5.5714685378000866e+02,
       5.5929176530609448e+02, 5.5596080342517291e+02,
       6.0605833980113266e+02, 5.5822107168944160e+02,
       6.5201897551415004e+02, 5.5593757674415258e+02,
       6.9677211248552624e+02, 5.5857985737957642e+02,
       7.3675292076259188e+02, 5.5838144096336282e+02,
       7.8004161381855226e+02, 5.5740196365717770e+02,
       8.1957533937730170e+02, 5.5958657990386291e+02,
       8.6247434289714101e+02, 5.5947279838255236e+02,
       9.0164300583634497e+02, 5.5588480130393987e+02,
       9.4011223538409013e+02, 5.5926957059163135e+02,
       9.7568405911888181e+02, 5.5805311032438215e+02,
       1.0124479185993550e+03, 5.5757780305068445e+02,
       1.0485218289545853e+03, 5.5582263662147000e+02,
       5.1386815855808072e+02, 6.0559093263845102e+02,
       5.6218613332491395e+02, 6.0755447874127003e+02,
       6.0787322378127851e+02, 6.0471536855869249e+02,
       6.5362962775056212e+02, 6.0676918659090109e+02,
       6.9756231270597914e+02, 6.0308692942117716e+02,
       7.3951618745186067e+02, 6.0399567512459510e+02,
       7.8077120913016029e+02, 6.0561988269907079e+02,
       8.2249923536065933e+02, 6.0249941291346670e+02,
       8.6053247277148432e+02, 6.0369778032501915e+02,
       9.0240745440301214e+02, 6.0346291816429743e+02,
       9.3879869333191812e+02, 6.0147594347891038e+02,
       9.7723056150980665e+02, 6.0247352636110566e+02,
       1.0129962328290119e+03, 5.9947479045266277e+02,
       1.0487500832603280e+03, 6.0148414730425134e+02,
       5.1569953155809640e+02, 6.5795358649458854e+02,
       5.6335307745953264e+02, 6.5525711607824496e+02,
       6.0993956787437799e+02, 6.5502442578552700e+02,
       6.5600797696114137e+02, 6.5081981174830321e+02,
       6.9948572579069514e+02, 6.5217860762376665e+02,
       7.4147506987530357e+02, 6.4761698931711169e+02,
       7.8200528031681654e+02, 6.4948396123101577e+02,
       8.2199539149235284e+02, 6.4698584144878862e+02,
       8.6344779000559686e+02, 6.4840358082686669e+02,
       9.0043832902668873e+02, 6.4748382314712319e+02,
       9.4121347527626062e+02, 6.4640186905712710e+02,
       9.7531075863067531e+02, 6.4542316271784205e+02,
       1.0136046265550531e+03, 6.4336293352463372e+02,
       1.0466998519869458e+03, 6.4327733296182350e+02,
       5.2440243304794024e+02, 6.9744389887162617e+02,
       5.6841958387296768e+02, 7.0453893008914997e+02,
       6.1107616312555933e+02, 7.0413596216268695e+02,
       6.5574307618226032e+02, 6.9740897010735762e+02,
       7.0149726927346433e+02, 6.9583608054630099e+02,
       7.4336461221589661e+02, 6.9751701390256517e+02,
       7.8282793319618588e+02, 6.9563857855768356e+02,
       8.2548266258020340e+02, 6.9342479718845061e+02,
       8.6448299632106034e+02, 6.8867209152293412e+02,
       9.0382487154066064e+02, 6.9047258520529101e+02,
       9.3833185059227947e+02, 6.8915079261483299e+02,
       9.7609276347481841e+02, 6.8676630374657850e+02,
       1.0112202671984152e+03, 6.8629212347982195e+02,
       1.0490150441509666e+03, 6.8212055493441312e+02 ]
PROJ_PTS: !!opencv-matrix
   rows: 112
   cols: 2
   dt: d
   data: [ 125., 95., 200., 95., 275., 95., 350., 95., 425., 95., 500.,
       95., 575., 95., 650., 95., 725., 95., 800., 95., 875., 95., 950.,
       95., 1025., 95., 1100., 95., 125., 170., 200., 170., 275., 170.,
       350., 170., 425., 170., 500., 170., 575., 170., 650., 170., 725.,
       170., 800., 170., 875., 170., 950., 170., 1025., 170., 1100.,
       170., 125., 245., 200., 245., 275., 245., 350., 245., 425., 245.,
       500., 245., 575., 245., 650., 245., 725., 245., 800., 245., 875.,
       245., 950., 245., 1025., 245., 1100., 245., 125., 320., 200.,
       320., 275., 320., 350., 320., 425., 320., 500., 320., 575., 320.,
       650., 320., 725., 320., 800., 320., 875., 320., 950., 320., 1025.,
       320., 1100., 320., 125., 395., 200., 395., 275., 395., 350., 395.,
       425., 395., 500., 395., 575., 395., 650., 395., 725., 395., 800.,
       395., 875., 395., 950., 395., 1025., 395., 1100., 395., 125.,
       470., 200., 470., 275., 470., 350., 470., 425., 470., 500., 470.,
       575., 470., 650., 470., 725., 470., 800., 470., 875., 470., 950.,
       470., 1025., 470., 1100., 470., 125., 545., 200., 545., 275.,
       545., 350., 545., 425., 545., 500., 545., 575., 545., 650., 545.,
       725., 545., 800., 545., 875., 545., 950., 545., 1025., 545.,
       1100., 545., 125., 620., 200., 620., 275., 620., 350., 620., 425.,
       620., 500., 620., 575., 620., 650., 620., 725., 620., 800., 620.,
       875., 620., 950., 620., 1025., 620., 1100., 620. ]
