%YAML:1.0
CAM_PTS: !!opencv-matrix
   rows: 112
   cols: 2
   dt: d
   data: [ 6.7991289164783996e+02, 3.7820366961512298e+02,
       7.2489240599121138e+02, 3.8420511615503074e+02,
       7.6908105215906585e+02, 3.8548878689683579e+02,
       8.1244684380954152e+02, 3.8705167604806263e+02,
       8.5437870760877536e+02, 3.9176065715029586e+02,
       8.9236994593477471e+02, 3.9493922134298896e+02,
       9.3408704595144445e+02, 3.9695599214221295e+02,
       9.6956734500630455e+02, 3.9825458165040811e+02,
       1.0085919592420647e+03, 3.9932768962474603e+02,
       1.0439550547259730e+03, 4.0288140517601823e+02,
       1.0817766235431595e+03, 4.0313569315065786e+02,
       1.1172439735844000e+03, 4.0530362158729736e+02,
       1.1516344307350053e+03, 4.0747490296998865e+02,
       1.1850126257958054e+03, 4.0995293373031728e+02,
       6.7991803919844074e+02, 4.2770320950395086e+02,
       7.2781696265623179e+02, 4.2955759421204539e+02,
       7.6931615293101765e+02, 4.3274966413869231e+02,
       8.1361225930284786e+02, 4.3377258549558252e+02,
       8.5243271295854913e+02, 4.3586981304349354e+02,
       8.9433278373636551e+02, 4.3677390691332334e+02,
       9.3232843501393643e+02, 4.3981877727310388e+02,
       9.7136962827546006e+02, 4.3902046710386907e+02,
       1.0108186426013808e+03, 4.4019896523662771e+02,
       1.0468875275329351e+03, 4.4365332447993171e+02,
       1.0820342269500270e+03, 4.4633822147707173e+02,
       1.1192928223081317e+03, 4.4831200285903901e+02,
       1.1519839659885672e+03, 4.4952545659228423e+02,
       1.1892343147813915e+03, 4.5044247864632587e+02,
       6.8458935865043350e+02, 4.7335664596561310e+02,
       7.2851499645622005e+02, 4.7235042593841723e+02,
       7.6903000061271575e+02, 4.7466760196298185e+02,
       8.1183087250486221e+02, 4.7833947824688278e+02,
       8.5561520664045622e+02, 4.7958169287873687e+02,
       8.9393018994208649e+02, 4.8156590211235914e+02,
       9.3606712840807040e+02, 4.8362880467166497e+02,
       9.7091065701308264e+02, 4.8346239823585586e+02,
       1.0095906858105354e+03, 4.8300070899039503e+02,
       1.0484156500563329e+03, 4.8420978264214608e+02,
       1.0840799960290731e+03, 4.8601014836718286e+02,
       1.1184659434705845e+03, 4.8907056763152741e+02,
       1.1539576916518713e+03, 4.8871219322512911e+02,
       1.1870816104554708e+03, 4.9014468324517912e+02,
       6.8350279116456261e+02, 5.1868301059984219e+02,
       7.2654643185331054e+02, 5.2054071436519848e+02,
       7.6932550498886405e+02, 5.2269544726175729e+02,
       8.1399695692623402e+02, 5.2151741008648719e+02,
       8.5563311685717019e+02, 5.2217426101687022e+02,
       8.9644684735579733e+02, 5.2563875707926763e+02,
       9.3433048837880779e+02, 5.2639164183515663e+02,
       9.7189292622148491e+02, 5.2417437708547561e+02,
       1.0108105014826045e+03, 5.2762691911586433e+02,
       1.0496123844661229e+03, 5.2857649727242301e+02,
       1.0860234297363766e+03, 5.2680218563054336e+02,
       1.1216900636956516e+03, 5.2978609086237418e+02,
       1.1555343996715351e+03, 5.2940341250988217e+02,
       1.1908529126968174e+03, 5.3067277165423343e+02,
       6.8279542577424093e+02, 5.6742409708140633e+02,
       7.2605619528653267e+02, 5.6761836564598775e+02,
       7.7150788781738186e+02, 5.6847865212768386e+02,
       8.1465747875714669e+02, 5.6647746016410429e+02,
       8.5591397239699211e+02, 5.6881066330401836e+02,
       8.9452314800698423e+02, 5.6943045398463437e+02,
       9.3658846772259187e+02, 5.6981369034184593e+02,
       9.7285669234066427e+02, 5.7058236617353418e+02,
       1.0130132780636584e+03, 5.7044037355773651e+02,
       1.0498228932245102e+03, 5.6847888859285308e+02,
       1.0843230384773556e+03, 5.6876825004152454e+02,
       1.1207539493946169e+03, 5.7204498614803413e+02,
       1.1555856883761335e+03, 5.7110976717423739e+02,
       1.1894416974165065e+03, 5.7152354648689573e+02,
       6.8284632072033332e+02, 6.1250827920675806e+02,
       7.2890561876015488e+02, 6.1432823515846087e+02,
       7.6970655905468777e+02, 6.1401393590712860e+02,
       8.1447056100794930e+02, 6.1430703938406873e+02,
       8.5481227316531681e+02, 6.1331772482611211e+02,
       8.9739200038331512e+02, 6.1355248041844470e+02,
       9.3443466028664318e+02, 6.1351385690252960e+02,
       9.7607178362040474e+02, 6.1347307932624017e+02,
       1.0119475660627162e+03, 6.1336691045229247e+02,
       1.0511788451575430e+03, 6.1359501784725421e+02,
       1.0853377796677307e+03, 6.1349085030898004e+02,
       1.1215201563631563e+03, 6.1032605968019072e+02,
       1.1561468926399857e+03, 6.1325916335566012e+02,
       1.1930967947022220e+03, 6.1218331306056041e+02,
       6.8268250621713969e+02, 6.6233668706848516e+02,
       7.2582570390896569e+02, 6.6137410774710929e+02,
       7.6950875222994000e+02, 6.5865039463128085e+02,
       8.1381891566244440e+02, 6.5866818623202266e+02,
       8.5654199594548959e+02, 6.5931352184749574e+02,
       8.9522841085433322e+02, 6.5851680022384687e+02,
       9.3840046679029820e+02, 6.5740695856662592e+02,
       9.7419150080241070e+02, 6.5733568083849809e+02,
       1.0148170293844386e+03, 6.5612832934201117e+02,
       1.0511030718054428e+03, 6.5532648546269957e+02,
       1.0891051345757746e+03, 6.5522703650630683e+02,
       1.1226401632565294e+03, 6.5510421352559979e+02,
       1.1599207692570048e+03, 6.5419197679098738e+02,
       1.1923874667742753e+03, 6.5390812103909002e+02,
       6.8817706725324024e+02, 7.0182244561146706e+02,
       7.3008494958025994e+02, 7.0785845680110947e+02,
       7.7152808806151972e+02, 7.0689149950499996e+02,
       8.1445941488969140e+02, 7.0586881120634371e+02,
       8.5718653734051759e+02, 7.0256190592967141e+02,
       8.9843049737548063e+02, 7.0349330747568274e+02,
       9.3822435191012778e+02, 7.0066382094595201e+02,
       9.7786137877472424e+02, 7.0129267279327519e+02,
       1.0158230032634262e+03, 6.9833172714353918e+02,
       1.0534294394844337e+03, 6.9911415420655078e+02,
       1.0884969598096236e+03, 6.9592833784415029e+02,
       1.1263615509569718e+03, 6.9684774209340424e+02,
       1.1589342845393262e+03, 6.9664976848967365e+02,
       1.1961377109887278e+03, 6.9468494167994629e+02 ]
PROJ_PTS: !!opencv-matrix
   rows: 112
   cols: 2
   dt: d
   data: [ 125., 95., 200., 95., 275., 95., 350., 95., 425., 95., 500.,
       95., 575., 95., 650., 95., 725., 95., 800., 95., 875., 95., 950.,
       95., 1025., 95., 1100., 95., 125., 170., 200., 170., 275., 170.,
       350., 170., 425., 170., 500., 170., 575., 170., 650., 170., 725.,
       170., 800., 170., 875., 170., 950., 170., 1025., 170., 1100.,
       170., 125., 245., 200., 245., 275., 245., 350., 245., 425., 245.,
       500., 245., 575., 245., 650., 245., 725., 245., 800., 245., 875.,
       245., 950., 245., 1025., 245., 1100., 245., 125., 320., 200.,
       320., 275., 320., 350., 320., 425., 320., 500., 320., 575., 320.,
       650., 320., 725., 320., 800., 320., 875., 320., 950., 320., 1025.,
       320., 1100., 320., 125., 395., 200., 395., 275., 395., 350., 395.,
       425., 395., 500., 395., 575., 395., 650., 395., 725., 395., 800.,
       395., 875., 395., 950., 395., 1025., 395., 1100., 395., 125.,
       470., 200., 470., 275., 470., 350., 470., 425., 470., 500., 470.,
       575., 470., 650., 470., 725., 470., 800., 470., 875., 470., 950.,
       470., 1025., 470., 1100., 470., 125., 545., 200., 545., 275.,
       545., 350., 545., 425., 545., 500., 545., 575., 545., 650., 545.,
       725., 545., 800., 545., 875., 545., 950., 545., 1025., 545.,
       1100., 545., 125., 620., 200., 620., 275., 620., 350., 620., 425.,
       620., 500., 620., 575., 620., 650., 620., 725., 620., 800., 620.,
       875., 620., 950., 620., 1025., 620., 1100., 620. ]
