%YAML:1.0
CAM_PTS: !!opencv-matrix
   rows: 112
   cols: 2
   dt: d
   data: [ 6.2476490424869075e+02, 4.1913340612744719e+02,
       6.7188541953667391e+02, 4.2554383901756381e+02,
       7.2077848458179733e+02, 4.2779117328740477e+02,
       7.6544463350421574e+02, 4.2805984209802796e+02,
       8.0649439058714415e+02, 4.3221885567254037e+02,
       8.5023771860688373e+02, 4.3258238442926836e+02,
       8.8934558160691040e+02, 4.3626837203169930e+02,
       9.2743911923460860e+02, 4.3991974131997569e+02,
       9.6703588601489696e+02, 4.4041399653025286e+02,
       1.0036703593931463e+03, 4.4403421319760196e+02,
       1.0424747343697741e+03, 4.4604328603798808e+02,
       1.0775293796787621e+03, 4.4625351961609533e+02,
       1.1132888139846239e+03, 4.4909214489898795e+02,
       1.1446726386310506e+03, 4.5101449982095255e+02,
       6.3010907757227938e+02, 4.7012953951498741e+02,
       6.7787519585351606e+02, 4.7522670038563939e+02,
       7.2237505317415969e+02, 4.7426217698426979e+02,
       7.6741173143532876e+02, 4.7844323097187691e+02,
       8.0745587645304636e+02, 4.8029756458161023e+02,
       8.5147736792828903e+02, 4.8143749227022482e+02,
       8.8965537326975652e+02, 4.8365215814966399e+02,
       9.3148066128162623e+02, 4.8531801782488299e+02,
       9.6862987462414799e+02, 4.8522713473275877e+02,
       1.0053950823627874e+03, 4.8630074458488895e+02,
       1.0420757941863262e+03, 4.8788302241732129e+02,
       1.0794348928373606e+03, 4.8984582555034331e+02,
       1.1121861632444682e+03, 4.9006871831668877e+02,
       1.1461143777499392e+03, 4.9166306682018967e+02,
       6.3269338752455837e+02, 5.2163243623563494e+02,
       6.7769933644926709e+02, 5.2345131589076800e+02,
       7.2447986287902893e+02, 5.2461266988173213e+02,
       7.6945423537524709e+02, 5.2292228228583667e+02,
       8.1052963381333268e+02, 5.2741738975320322e+02,
       8.5043644758570679e+02, 5.2717804482322242e+02,
       8.9243701851329376e+02, 5.2704211171513202e+02,
       9.2945985569504023e+02, 5.2979450891290196e+02,
       9.6919314999861115e+02, 5.2910688279557678e+02,
       1.0064729202298425e+03, 5.2959728526131096e+02,
       1.0426562554623661e+03, 5.3069839291688322e+02,
       1.0764840818782673e+03, 5.3283274285678783e+02,
       1.1138050577489907e+03, 5.3371590586652849e+02,
       1.1454567095792561e+03, 5.3470087935404774e+02,
       6.3198330087627187e+02, 5.7151157633926130e+02,
       6.8145769996259332e+02, 5.7143238657960421e+02,
       7.2504104255733318e+02, 5.7072905849108247e+02,
       7.7050746127998696e+02, 5.7259081186134949e+02,
       8.1223410863067704e+02, 5.7111264403915334e+02,
       8.5440654293095849e+02, 5.7333267222954544e+02,
       8.9164098394368682e+02, 5.7350626086338684e+02,
       9.3362094312184354e+02, 5.7379470990050265e+02,
       9.6972062580837985e+02, 5.7252445792234244e+02,
       1.0081352265810641e+03, 5.7436680635160030e+02,
       1.0431902545660232e+03, 5.7354581226917026e+02,
       1.0787944276646672e+03, 5.7355935746254488e+02,
       1.1118936988128721e+03, 5.7557945010574838e+02,
       1.1481685440355577e+03, 5.7557354017730825e+02,
       6.3678229296231973e+02, 6.2036082591838465e+02,
       6.8362591837281514e+02, 6.1766796434741332e+02,
       7.2572358735027922e+02, 6.1671139640582544e+02,
       7.7136148333996027e+02, 6.1662649756416045e+02,
       8.1409113409316615e+02, 6.1875389906471366e+02,
       8.5348928201717752e+02, 6.1699372647216478e+02,
       8.9532317794969629e+02, 6.1814202113294482e+02,
       9.3286095394788617e+02, 6.1646873502718881e+02,
       9.7318613883038711e+02, 6.1725989300404183e+02,
       1.0073389275529482e+03, 6.1759977778439440e+02,
       1.0427591309083396e+03, 6.1361794468967867e+02,
       1.0797728054488489e+03, 6.1587291568891862e+02,
       1.1147837447819154e+03, 6.1628855731644308e+02,
       1.1463456309694375e+03, 6.1619168114481511e+02,
       6.3732821302198192e+02, 6.6734069877127467e+02,
       6.8475390545430321e+02, 6.6811556682458331e+02,
       7.2743232296561064e+02, 6.6681935371433337e+02,
       7.7362185353116593e+02, 6.6582756638288083e+02,
       8.1499543833602593e+02, 6.6447172448371680e+02,
       8.5647281223541472e+02, 6.6146255641357311e+02,
       8.9542154037750379e+02, 6.6143726888250364e+02,
       9.3332477987187895e+02, 6.6090121972862812e+02,
       9.7216017648135698e+02, 6.5935537910378923e+02,
       1.0103770914851684e+03, 6.6048570080935986e+02,
       1.0463287668621131e+03, 6.5635725196098224e+02,
       1.0812044093235406e+03, 6.5912483735979640e+02,
       1.1135561995055657e+03, 6.5794981231952852e+02,
       1.1469516585689657e+03, 6.5411093110598949e+02,
       6.4095564103585855e+02, 7.1716993520530082e+02,
       6.8685124737962951e+02, 7.1265126038700635e+02,
       7.3156134649380874e+02, 7.1344766787337858e+02,
       7.7266776961098265e+02, 7.1140366952591626e+02,
       8.1661739867246717e+02, 7.0924865231931221e+02,
       8.5644531217626047e+02, 7.0637909003683421e+02,
       8.9679053354839539e+02, 7.0537912865853241e+02,
       9.3411504471300009e+02, 7.0539148755490828e+02,
       9.7205319813238566e+02, 7.0127620189800700e+02,
       1.0109569156026174e+03, 7.0009894570635686e+02,
       1.0455019499723392e+03, 7.0053431579289042e+02,
       1.0793718924162713e+03, 6.9981601263600010e+02,
       1.1165164733220881e+03, 6.9883570739966854e+02,
       1.1480365554696336e+03, 6.9522949829363790e+02,
       6.4847233253874526e+02, 7.5847474029378475e+02,
       6.8828852060698830e+02, 7.6155952629523290e+02,
       7.3160190544720842e+02, 7.5992364444338091e+02,
       7.7737015658441214e+02, 7.5728187942869056e+02,
       8.1657140426609408e+02, 7.5511186643666781e+02,
       8.5948584839368311e+02, 7.5336171011240958e+02,
       8.9954808363247207e+02, 7.4813682969742626e+02,
       9.3511135709775795e+02, 7.4624747305399296e+02,
       9.7393877466174581e+02, 7.4715679083901193e+02,
       1.0101940350829826e+03, 7.4438980276287839e+02,
       1.0453072499023901e+03, 7.4262190959830150e+02,
       1.0834034045839667e+03, 7.4076843755563038e+02,
       1.1145478995875496e+03, 7.3946788484448803e+02,
       1.1480218293314376e+03, 7.3541317608986117e+02 ]
PROJ_PTS: !!opencv-matrix
   rows: 112
   cols: 2
   dt: d
   data: [ 125., 95., 200., 95., 275., 95., 350., 95., 425., 95., 500.,
       95., 575., 95., 650., 95., 725., 95., 800., 95., 875., 95., 950.,
       95., 1025., 95., 1100., 95., 125., 170., 200., 170., 275., 170.,
       350., 170., 425., 170., 500., 170., 575., 170., 650., 170., 725.,
       170., 800., 170., 875., 170., 950., 170., 1025., 170., 1100.,
       170., 125., 245., 200., 245., 275., 245., 350., 245., 425., 245.,
       500., 245., 575., 245., 650., 245., 725., 245., 800., 245., 875.,
       245., 950., 245., 1025., 245., 1100., 245., 125., 320., 200.,
       320., 275., 320., 350., 320., 425., 320., 500., 320., 575., 320.,
       650., 320., 725., 320., 800., 320., 875., 320., 950., 320., 1025.,
       320., 1100., 320., 125., 395., 200., 395., 275., 395., 350., 395.,
       425., 395., 500., 395., 575., 395., 650., 395., 725., 395., 800.,
       395., 875., 395., 950., 395., 1025., 395., 1100., 395., 125.,
       470., 200., 470., 275., 470., 350., 470., 425., 470., 500., 470.,
       575., 470., 650., 470., 725., 470., 800., 470., 875., 470., 950.,
       470., 1025., 470., 1100., 470., 125., 545., 200., 545., 275.,
       545., 350., 545., 425., 545., 500., 545., 575., 545., 650., 545.,
       725., 545., 800., 545., 875., 545., 950., 545., 1025., 545.,
       1100., 545., 125., 620., 200., 620., 275., 620., 350., 620., 425.,
       620., 500., 620., 575., 620., 650., 620., 725., 620., 800., 620.,
       875., 620., 950., 620., 1025., 620., 1100., 620. ]
