%YAML:1.0
CAM_PTS: !!opencv-matrix
   rows: 112
   cols: 2
   dt: d
   data: [ 5.6109325926683618e+02, 3.3060778066252510e+02,
       6.1444408512728683e+02, 3.3419486543006877e+02,
       6.6702434579032592e+02, 3.4244120096378720e+02,
       7.1532232327527174e+02, 3.4788444931991762e+02,
       7.6373079972867322e+02, 3.5454677031752487e+02,
       8.0798360188416166e+02, 3.5868612232521480e+02,
       8.5340598245547699e+02, 3.6502365558366978e+02,
       8.9515785911154239e+02, 3.6643927102769629e+02,
       9.3605590865797740e+02, 3.7428513129223433e+02,
       9.7196853379598667e+02, 3.7849760384904044e+02,
       1.0125366613765532e+03, 3.8287524756673599e+02,
       1.0460523868956066e+03, 3.8668132645827802e+02,
       1.0826934974788685e+03, 3.8977273936017025e+02,
       1.1154702494269793e+03, 3.9487803517890222e+02,
       5.6529019912061926e+02, 3.8410433501847166e+02,
       6.2103249162591965e+02, 3.9009965330230909e+02,
       6.6992031169502707e+02, 3.9361349109272703e+02,
       7.2056458832031967e+02, 3.9976183563254995e+02,
       7.6719938323881422e+02, 4.0299195307669419e+02,
       8.1254489816659498e+02, 4.0964565565294947e+02,
       8.5624412568282378e+02, 4.1112852290599722e+02,
       8.9814296338941085e+02, 4.1673407297873075e+02,
       9.3619356100742789e+02, 4.2055757858931554e+02,
       9.7756642309902259e+02, 4.2390567709609519e+02,
       1.0145407470243715e+03, 4.2510463775597373e+02,
       1.0502874296519897e+03, 4.3086968297151736e+02,
       1.0831961285917941e+03, 4.3450407544150488e+02,
       1.1192166158943046e+03, 4.3701772643485504e+02,
       5.7165063412950440e+02, 4.4000757355685539e+02,
       6.2329902389505764e+02, 4.4361623440791152e+02,
       6.7576245987217635e+02, 4.4780786975401236e+02,
       7.2311915797520464e+02, 4.4870777186239422e+02,
       7.7121628171999419e+02, 4.5355950147546253e+02,
       8.1478249977403470e+02, 4.5880012004400851e+02,
       8.5948921965978764e+02, 4.6057269711255805e+02,
       8.9826183528066713e+02, 4.6368942781031285e+02,
       9.3923049710111161e+02, 4.6524035416030279e+02,
       9.7712940957008755e+02, 4.6974072509885809e+02,
       1.0161802675635861e+03, 4.7206124583950105e+02,
       1.0505030356423197e+03, 4.7511989293392980e+02,
       1.0868995114073759e+03, 4.7667057399879457e+02,
       1.1195310003696322e+03, 4.7817692708889211e+02,
       5.7457623503163290e+02, 4.9399204300946820e+02,
       6.2867670010572317e+02, 4.9584036774961254e+02,
       6.7817377359132695e+02, 4.9712582199477197e+02,
       7.2710804174751513e+02, 4.9962562100649438e+02,
       7.7251472320848438e+02, 5.0154200821757524e+02,
       8.1858978712929036e+02, 5.0540995819273508e+02,
       8.5948803294235131e+02, 5.0755080469779136e+02,
       9.0217101330657624e+02, 5.0967524140302646e+02,
       9.4018987681162014e+02, 5.1163713868026582e+02,
       9.8102609744503752e+02, 5.1357520987922044e+02,
       1.0153025760182122e+03, 5.1588133934122664e+02,
       1.0534156951272566e+03, 5.1763215318089840e+02,
       1.0866254753197484e+03, 5.1783541034494328e+02,
       1.1216680531165580e+03, 5.2063967695195925e+02,
       5.8017954463698743e+02, 5.4518588953221615e+02,
       6.3306380133490711e+02, 5.4495220894976489e+02,
       6.8245525948767352e+02, 5.4848110298782842e+02,
       7.2940195719240251e+02, 5.4970119163947231e+02,
       7.7521701321721491e+02, 5.4881320948843870e+02,
       8.2052017079176926e+02, 5.4971493574623810e+02,
       8.6449818516665596e+02, 5.5339404526939393e+02,
       9.0441477715739541e+02, 5.5287492486528970e+02,
       9.4420768578151626e+02, 5.5620666832562483e+02,
       9.7997227941431413e+02, 5.5758593108033938e+02,
       1.0189994311444865e+03, 5.5834580543429161e+02,
       1.0527040071846511e+03, 5.5963890570606804e+02,
       1.0889849887960611e+03, 5.6034080543631831e+02,
       1.1196221152538169e+03, 5.6141097990164337e+02,
       5.8349269340870956e+02, 5.9708482230008497e+02,
       6.3621344070473572e+02, 5.9706303754948556e+02,
       6.8360203813407134e+02, 5.9819185812853743e+02,
       7.3438543992315863e+02, 5.9868118619398081e+02,
       7.7850099407968401e+02, 5.9749957220492718e+02,
       8.2399926202077620e+02, 5.9749964476460434e+02,
       8.6446648744872221e+02, 6.0039394748001541e+02,
       9.0639123809482930e+02, 6.0007377032983050e+02,
       9.4357830107870234e+02, 6.0035504140701391e+02,
       9.8141464570627227e+02, 5.9868744946138759e+02,
       1.0208072670672782e+03, 5.9856571838310344e+02,
       1.0563008899030408e+03, 6.0144939706435173e+02,
       1.0891912769183239e+03, 5.9846149308145118e+02,
       1.1216817066957528e+03, 6.0092160852844916e+02,
       5.8892157723541675e+02, 6.4922776530955196e+02,
       6.4072859379925717e+02, 6.4641185575786892e+02,
       6.8935552544697850e+02, 6.4741107718914395e+02,
       7.3559668717763304e+02, 6.4742956048931330e+02,
       7.8234855232593043e+02, 6.4521771796436167e+02,
       8.2502465990396331e+02, 6.4540151870787815e+02,
       8.6849979849657677e+02, 6.4544038738629752e+02,
       9.0853839119648410e+02, 6.4151054945148167e+02,
       9.4823670557626008e+02, 6.4416313902564343e+02,
       9.8346800359914596e+02, 6.4416294326167838e+02,
       1.0208554263927642e+03, 6.4233710827964273e+02,
       1.0565914828443281e+03, 6.4003739539206640e+02,
       1.0910296770607247e+03, 6.4293689822513613e+02,
       1.1231146862521764e+03, 6.4118231988406376e+02,
       5.9077051826981858e+02, 7.0075334137375364e+02,
       6.4453289627386289e+02, 6.9816781778212851e+02,
       6.9086684316393041e+02, 6.9623343925440543e+02,
       7.3952877212215640e+02, 6.9342389618973345e+02,
       7.8425822235047292e+02, 6.9425057500205071e+02,
       8.2933964719830612e+02, 6.9154777137928897e+02,
       8.6848530613019307e+02, 6.9030996779134489e+02,
       9.1125037454576147e+02, 6.8932440282332425e+02,
       9.4735637199487599e+02, 6.8735846626201328e+02,
       9.8794474446001141e+02, 6.8655750840392318e+02,
       1.0213422736790286e+03, 6.8527842066816106e+02,
       1.0584020428470526e+03, 6.8410303527601729e+02,
       1.0901374340412392e+03, 6.8381491731122651e+02,
       1.1226539446652964e+03, 6.8005648996897276e+02 ]
PROJ_PTS: !!opencv-matrix
   rows: 112
   cols: 2
   dt: d
   data: [ 125., 95., 200., 95., 275., 95., 350., 95., 425., 95., 500.,
       95., 575., 95., 650., 95., 725., 95., 800., 95., 875., 95., 950.,
       95., 1025., 95., 1100., 95., 125., 170., 200., 170., 275., 170.,
       350., 170., 425., 170., 500., 170., 575., 170., 650., 170., 725.,
       170., 800., 170., 875., 170., 950., 170., 1025., 170., 1100.,
       170., 125., 245., 200., 245., 275., 245., 350., 245., 425., 245.,
       500., 245., 575., 245., 650., 245., 725., 245., 800., 245., 875.,
       245., 950., 245., 1025., 245., 1100., 245., 125., 320., 200.,
       320., 275., 320., 350., 320., 425., 320., 500., 320., 575., 320.,
       650., 320., 725., 320., 800., 320., 875., 320., 950., 320., 1025.,
       320., 1100., 320., 125., 395., 200., 395., 275., 395., 350., 395.,
       425., 395., 500., 395., 575., 395., 650., 395., 725., 395., 800.,
       395., 875., 395., 950., 395., 1025., 395., 1100., 395., 125.,
       470., 200., 470., 275., 470., 350., 470., 425., 470., 500., 470.,
       575., 470., 650., 470., 725., 470., 800., 470., 875., 470., 950.,
       470., 1025., 470., 1100., 470., 125., 545., 200., 545., 275.,
       545., 350., 545., 425., 545., 500., 545., 575., 545., 650., 545.,
       725., 545., 800., 545., 875., 545., 950., 545., 1025., 545.,
       1100., 545., 125., 620., 200., 620., 275., 620., 350., 620., 425.,
       620., 500., 620., 575., 620., 650., 620., 725., 620., 800., 620.,
       875., 620., 950., 620., 1025., 620., 1100., 620. ]
