%YAML:1.0
CAM_PTS: !!opencv-matrix
   rows: 112
   cols: 2
   dt: d
   data: [ 6.1650415357844145e+02, 2.6368661972463559e+02,
       6.6946578651018035e+02, 2.7315824567737724e+02,
       7.2480364176455305e+02, 2.8094899466019245e+02,
       7.7333232086710268e+02, 2.8901228606361207e+02,
       8.2440304327112972e+02, 2.9785987681888093e+02,
       8.7118785554383419e+02, 3.0362446030917243e+02,
       9.1767889789079243e+02, 3.1176349780647791e+02,
       9.6172842498764999e+02, 3.1719720167101974e+02,
       1.0036298720197447e+03, 3.2596218010860662e+02,
       1.0417639249301794e+03, 3.3120755375801258e+02,
       1.0843425701494268e+03, 3.3816180900969141e+02,
       1.1200284703185871e+03, 3.4376126581323263e+02,
       1.1589793869533705e+03, 3.4981907699228373e+02,
       1.1937935455759225e+03, 3.5517609825505235e+02,
       6.1741672035444640e+02, 3.2240250363162357e+02,
       6.7298464527784733e+02, 3.3058126062761079e+02,
       7.2530172770527452e+02, 3.3647949314386722e+02,
       7.7737329486598628e+02, 3.4421502022258346e+02,
       8.2615987996109834e+02, 3.4967906917647247e+02,
       8.7319464798203137e+02, 3.5715232270549762e+02,
       9.1602358022173019e+02, 3.6336167245932791e+02,
       9.6006754103131482e+02, 3.6756867348078356e+02,
       1.0023613271027727e+03, 3.7513132646744702e+02,
       1.0451233752239100e+03, 3.8050704619176872e+02,
       1.0817895111013390e+03, 3.8597303103913481e+02,
       1.1226913506138958e+03, 3.9077890166556699e+02,
       1.1577045424619587e+03, 3.9690514810565639e+02,
       1.1955974067540408e+03, 4.0100175381081419e+02,
       6.1970608866664520e+02, 3.7938666490548286e+02,
       6.7434687266211915e+02, 3.8613785631835310e+02,
       7.2841579900754380e+02, 3.9191002019927214e+02,
       7.7771478060019717e+02, 3.9864650716976178e+02,
       8.2756375955677913e+02, 4.0372324697958391e+02,
       8.7266963098503811e+02, 4.0999928196403039e+02,
       9.1855335187297510e+02, 4.1365752447788009e+02,
       9.6200679446003119e+02, 4.1951843951933904e+02,
       1.0046138470913714e+03, 4.2392897084840092e+02,
       1.0461087035363958e+03, 4.2740947373744484e+02,
       1.0846674240591040e+03, 4.3329581832165059e+02,
       1.1218272888424776e+03, 4.3702163171554241e+02,
       1.1589223566097253e+03, 4.4107978292292830e+02,
       1.1931473903407405e+03, 4.4600798248472836e+02,
       6.2216812486775359e+02, 4.3805651305330935e+02,
       6.7851216185523924e+02, 4.4172696498073412e+02,
       7.2880979789176047e+02, 4.4671225328913181e+02,
       7.8058035521042802e+02, 4.5121834617543732e+02,
       8.2847243733342589e+02, 4.5563969916952271e+02,
       8.7582108373561994e+02, 4.6070316372616168e+02,
       9.1856164411318582e+02, 4.6506798800395063e+02,
       9.6232076244252778e+02, 4.6739347330816918e+02,
       1.0038943225699333e+03, 4.7265870248414012e+02,
       1.0456032461935142e+03, 4.7671937387145152e+02,
       1.0822874424828744e+03, 4.8015370445736698e+02,
       1.1224374037983910e+03, 4.8410673711769357e+02,
       1.1570080358806304e+03, 4.8728268008657625e+02,
       1.1948401957831381e+03, 4.9113191317822179e+02,
       6.2494588760822978e+02, 4.9229672911368516e+02,
       6.7983013433086637e+02, 4.9608784420188402e+02,
       7.3221526615290520e+02, 5.0044822039349390e+02,
       7.8055540460992540e+02, 5.0456301139580933e+02,
       8.2921868264670672e+02, 5.0703369745425806e+02,
       8.7567382068997495e+02, 5.1029407248702279e+02,
       9.2122687155609606e+02, 5.1450578939538275e+02,
       9.6223560520260446e+02, 5.1753867274577647e+02,
       1.0052009073234024e+03, 5.2044884584014278e+02,
       1.0438467544026646e+03, 5.2368720305320346e+02,
       1.0841529466384641e+03, 5.2669214012815848e+02,
       1.1197595967112316e+03, 5.2951688788571630e+02,
       1.1590631417949498e+03, 5.3165557855570512e+02,
       1.1922528803178566e+03, 5.3464866026327911e+02,
       6.2633357311302120e+02, 5.4859274610594605e+02,
       6.8143709268265957e+02, 5.5141898117565347e+02,
       7.3115399067302042e+02, 5.5382587350149288e+02,
       7.8244345115639351e+02, 5.5571619092460219e+02,
       8.3043340655289285e+02, 5.5786140818316187e+02,
       8.7669307487021365e+02, 5.6138836356587046e+02,
       9.2108092416890690e+02, 5.6249427448716096e+02,
       9.6293688543096869e+02, 5.6514506671216463e+02,
       1.0041060559328039e+03, 5.6830118845888808e+02,
       1.0447086003269426e+03, 5.6949326670325092e+02,
       1.0822893140328424e+03, 5.7254013482751975e+02,
       1.1215128090030144e+03, 5.7429847897649643e+02,
       1.1561514636651991e+03, 5.7682817536787240e+02,
       1.1936273790637194e+03, 5.7848020868061144e+02,
       6.2934550578555491e+02, 6.0329056526014176e+02,
       6.8345089442114022e+02, 6.0370868446328905e+02,
       7.3405530166025051e+02, 6.0623454061881671e+02,
       7.8253563642999836e+02, 6.0851312144827773e+02,
       8.3137448631633822e+02, 6.0906711376491467e+02,
       8.7759239301046921e+02, 6.0957330889843433e+02,
       9.2196700046757019e+02, 6.1223512851312921e+02,
       9.6212440564275846e+02, 6.1406976515638587e+02,
       1.0059092055535642e+03, 6.1536465133900924e+02,
       1.0455793064131965e+03, 6.1474235298034353e+02,
       1.0839920504785646e+03, 6.1793328685871450e+02,
       1.1197621497580769e+03, 6.1943134467862535e+02,
       1.1578093612984840e+03, 6.2019463260208704e+02,
       1.1914655049478069e+03, 6.2205828988800840e+02,
       6.3234410749686754e+02, 6.6035200706664193e+02,
       6.8313500928763165e+02, 6.5592224271180953e+02,
       7.3621702443126708e+02, 6.5788492356658389e+02,
       7.8400561648817074e+02, 6.5597912721240687e+02,
       8.3296632678072456e+02, 6.5836670084986633e+02,
       8.7873227900762060e+02, 6.6073020476190186e+02,
       9.2138964154240182e+02, 6.6124381649236125e+02,
       9.6420095460669359e+02, 6.6077616979937432e+02,
       1.0067689697787564e+03, 6.6056461607581605e+02,
       1.0456327438200065e+03, 6.6314398273295546e+02,
       1.0839555191377890e+03, 6.6155552148108472e+02,
       1.1214612194922136e+03, 6.6399716399082342e+02,
       1.1551796360844194e+03, 6.6496565949610726e+02,
       1.1858824742768199e+03, 6.5941244905249755e+02 ]
PROJ_PTS: !!opencv-matrix
   rows: 112
   cols: 2
   dt: d
   data: [ 125., 95., 200., 95., 275., 95., 350., 95., 425., 95., 500.,
       95., 575., 95., 650., 95., 725., 95., 800., 95., 875., 95., 950.,
       95., 1025., 95., 1100., 95., 125., 170., 200., 170., 275., 170.,
       350., 170., 425., 170., 500., 170., 575., 170., 650., 170., 725.,
       170., 800., 170., 875., 170., 950., 170., 1025., 170., 1100.,
       170., 125., 245., 200., 245., 275., 245., 350., 245., 425., 245.,
       500., 245., 575., 245., 650., 245., 725., 245., 800., 245., 875.,
       245., 950., 245., 1025., 245., 1100., 245., 125., 320., 200.,
       320., 275., 320., 350., 320., 425., 320., 500., 320., 575., 320.,
       650., 320., 725., 320., 800., 320., 875., 320., 950., 320., 1025.,
       320., 1100., 320., 125., 395., 200., 395., 275., 395., 350., 395.,
       425., 395., 500., 395., 575., 395., 650., 395., 725., 395., 800.,
       395., 875., 395., 950., 395., 1025., 395., 1100., 395., 125.,
       470., 200., 470., 275., 470., 350., 470., 425., 470., 500., 470.,
       575., 470., 650., 470., 725., 470., 800., 470., 875., 470., 950.,
       470., 1025., 470., 1100., 470., 125., 545., 200., 545., 275.,
       545., 350., 545., 425., 545., 500., 545., 575., 545., 650., 545.,
       725., 545., 800., 545., 875., 545., 950., 545., 1025., 545.,
       1100., 545., 125., 620., 200., 620., 275., 620., 350., 620., 425.,
       620., 500., 620., 575., 620., 650., 620., 725., 620., 800., 620.,
       875., 620., 950., 620., 1025., 620., 1100., 620. ]
