%YAML:1.0
CAM_PTS: !!opencv-matrix
   rows: 112
   cols: 2
   dt: d
   data: [ 9.1615097113343688e+02, 3.7007288321993599e+02,
       9.5404807735440204e+02, 3.7107309641500194e+02,
       9.9464072307367974e+02, 3.7228287706574582e+02,
       1.0315877561712398e+03, 3.7127352766388208e+02,
       1.0679641482609629e+03, 3.7658035351052246e+02,
       1.1014584816795398e+03, 3.7776139425901403e+02,
       1.1391979919483695e+03, 3.7873465453276629e+02,
       1.1725012148435494e+03, 3.8165266195940967e+02,
       1.2077482720929552e+03, 3.8116140999994411e+02,
       1.2406923124679133e+03, 3.8388373972065415e+02,
       1.2762291250041135e+03, 3.8496184572217044e+02,
       1.3068787286152574e+03, 3.8722972492148835e+02,
       1.3414596072426211e+03, 3.8834774498892864e+02,
       1.3708930123385112e+03, 3.8972588616460183e+02,
       9.1761518896015968e+02, 4.1434484618656006e+02,
       9.5602733588950264e+02, 4.1527110197093521e+02,
       9.9468470970668272e+02, 4.1737315966189169e+02,
       1.0334811701810756e+03, 4.2018037054094538e+02,
       1.0679794235013378e+03, 4.2122422245223549e+02,
       1.1063939410929747e+03, 4.2251211624593202e+02,
       1.1390642533828482e+03, 4.2262266136867413e+02,
       1.1760455747549643e+03, 4.2487708244547866e+02,
       1.2089871799150069e+03, 4.2460484522333479e+02,
       1.2435112515802221e+03, 4.2623165942755696e+02,
       1.2740325324885730e+03, 4.2775367117125961e+02,
       1.3095856675366053e+03, 4.2843800049751894e+02,
       1.3390415913599093e+03, 4.2989114121383636e+02,
       1.3724124397859946e+03, 4.3033576634670817e+02,
       9.2220833004353574e+02, 4.6156937687404445e+02,
       9.5729709404837968e+02, 4.6339068113030123e+02,
       9.9801366302358656e+02, 4.6379224970337009e+02,
       1.0344663636233352e+03, 4.6225323617729197e+02,
       1.0720035516430687e+03, 4.6602683275090538e+02,
       1.1054638197288762e+03, 4.6644988876382433e+02,
       1.1429352951535875e+03, 4.6741949424591292e+02,
       1.1772956176808320e+03, 4.6504619353982133e+02,
       1.2107477800251802e+03, 4.6859083824110019e+02,
       1.2417046502128073e+03, 4.6856135685245630e+02,
       1.2769615399148984e+03, 4.6981157953791092e+02,
       1.3072647800981003e+03, 4.7093291701367832e+02,
       1.3419537539902958e+03, 4.7098865080690189e+02,
       1.3711652686205030e+03, 4.7208487551587666e+02,
       9.2142966921026846e+02, 5.0753702337600907e+02,
       9.6091017090772630e+02, 5.0693803607350031e+02,
       9.9819424806475070e+02, 5.0796873357596212e+02,
       1.0366410524984328e+03, 5.0861454973934184e+02,
       1.0725667924210927e+03, 5.0684470517726186e+02,
       1.1058651451763067e+03, 5.0659388612121995e+02,
       1.1413104504340658e+03, 5.1005268879058383e+02,
       1.1775270589590052e+03, 5.1003248420008805e+02,
       1.2098177250352412e+03, 5.0991665154154742e+02,
       1.2440788285451715e+03, 5.1047298916155444e+02,
       1.2760759793668385e+03, 5.0988511863821003e+02,
       1.3093813517185724e+03, 5.1119292443212908e+02,
       1.3400968065935604e+03, 5.1006178289042248e+02,
       1.3729188365822899e+03, 5.1149786355625474e+02,
       9.2383101770004612e+02, 5.5148067217200708e+02,
       9.6227793991811598e+02, 5.5237069603349141e+02,
       9.9906340788096225e+02, 5.5032565330502223e+02,
       1.0374617693510138e+03, 5.5107351268598825e+02,
       1.0739824566050645e+03, 5.5167584882872484e+02,
       1.1070331651569754e+03, 5.5155983083561875e+02,
       1.1442992581194831e+03, 5.5188720294178972e+02,
       1.1757363025086433e+03, 5.5169411313647618e+02,
       1.2117810658510045e+03, 5.5185582387055911e+02,
       1.2421560858804105e+03, 5.5180666218607780e+02,
       1.2761574498391062e+03, 5.4992008334422724e+02,
       1.3077111895092030e+03, 5.4996306707878466e+02,
       1.3412971538675197e+03, 5.5159311435842073e+02,
       1.3702873947476360e+03, 5.5225786371282459e+02,
       9.2544861970218426e+02, 5.9752070388854804e+02,
       9.6549983998852611e+02, 5.9762630753900419e+02,
       1.0015782076291562e+03, 5.9552212144460884e+02,
       1.0389289363776845e+03, 5.9548871871787048e+02,
       1.0727664624214799e+03, 5.9542699083616708e+02,
       1.1097442761048269e+03, 5.9416389688489983e+02,
       1.1424694109473221e+03, 5.9357960065944417e+02,
       1.1785806530979617e+03, 5.9344629017807904e+02,
       1.2118324298608445e+03, 5.9073303745705675e+02,
       1.2444399306245423e+03, 5.9261304274066356e+02,
       1.2762893731003505e+03, 5.9101688268614157e+02,
       1.3093555769869527e+03, 5.9131229928089476e+02,
       1.3382739455479336e+03, 5.9134393974326440e+02,
       1.3693489124721436e+03, 5.8874362247341730e+02,
       9.2928172859684798e+02, 6.4151304521331087e+02,
       9.6708967127655342e+02, 6.3865419670422193e+02,
       1.0030584763935589e+03, 6.3881238356910956e+02,
       1.0387038612941572e+03, 6.3683256555284731e+02,
       1.0762354246284654e+03, 6.3730054805533462e+02,
       1.1109325812270044e+03, 6.3427659022479668e+02,
       1.1459822941581101e+03, 6.3541109613814274e+02,
       1.1766965281334519e+03, 6.3519288195941817e+02,
       1.2107946869073198e+03, 6.3169574568380199e+02,
       1.2431281877904714e+03, 6.3376739455084987e+02,
       1.2772057771082584e+03, 6.3293052323504048e+02,
       1.3091221877855974e+03, 6.3016274896171331e+02,
       1.3391975362142048e+03, 6.3041150690776203e+02,
       1.3700420862820556e+03, 6.3099581517436047e+02,
       9.2953508597666621e+02, 6.8530248512230207e+02,
       9.6729025750749452e+02, 6.8242727791030177e+02,
       1.0039048486834364e+03, 6.8285107481775663e+02,
       1.0416377617107330e+03, 6.8120403292510139e+02,
       1.0771455226887924e+03, 6.7827481970356541e+02,
       1.1098721993494592e+03, 6.7634687369942617e+02,
       1.1450003401398071e+03, 6.7784603225569026e+02,
       1.1781052966915311e+03, 6.7345076522503962e+02,
       1.2108766014313080e+03, 6.7467396908174874e+02,
       1.2459198474459413e+03, 6.7356235312411025e+02,
       1.2752467592804239e+03, 6.7265901728750771e+02,
       1.3099869869210816e+03, 6.7137203326361919e+02,
       1.3381905808685756e+03, 6.7012311885851796e+02,
       1.3718753561081880e+03, 6.7024842863938511e+02 ]
PROJ_PTS: !!opencv-matrix
   rows: 112
   cols: 2
   dt: d
   data: [ 125., 95., 200., 95., 275., 95., 350., 95., 425., 95., 500.,
       95., 575., 95., 650., 95., 725., 95., 800., 95., 875., 95., 950.,
       95., 1025., 95., 1100., 95., 125., 170., 200., 170., 275., 170.,
       350., 170., 425., 170., 500., 170., 575., 170., 650., 170., 725.,
       170., 800., 170., 875., 170., 950., 170., 1025., 170., 1100.,
       170., 125., 245., 200., 245., 275., 245., 350., 245., 425., 245.,
       500., 245., 575., 245., 650., 245., 725., 245., 800., 245., 875.,
       245., 950., 245., 1025., 245., 1100., 245., 125., 320., 200.,
       320., 275., 320., 350., 320., 425., 320., 500., 320., 575., 320.,
       650., 320., 725., 320., 800., 320., 875., 320., 950., 320., 1025.,
       320., 1100., 320., 125., 395., 200., 395., 275., 395., 350., 395.,
       425., 395., 500., 395., 575., 395., 650., 395., 725., 395., 800.,
       395., 875., 395., 950., 395., 1025., 395., 1100., 395., 125.,
       470., 200., 470., 275., 470., 350., 470., 425., 470., 500., 470.,
       575., 470., 650., 470., 725., 470., 800., 470., 875., 470., 950.,
       470., 1025., 470., 1100., 470., 125., 545., 200., 545., 275.,
       545., 350., 545., 425., 545., 500., 545., 575., 545., 650., 545.,
       725., 545., 800., 545., 875., 545., 950., 545., 1025., 545.,
       1100., 545., 125., 620., 200., 620., 275., 620., 350., 620., 425.,
       620., 500., 620., 575., 620., 650., 620., 725., 620., 800., 620.,
       875., 620., 950., 620., 1025., 620., 1100., 620. ]
