%YAML:1.0
CAM_PTS: !!opencv-matrix
   rows: 112
   cols: 2
   dt: d
   data: [ 6.2483204785716657e+02, 2.2541049410204755e+02,
       6.7683182816541307e+02, 2.3008836495926323e+02,
       7.3150089203886409e+02, 2.3584124690502972e+02,
       7.8114139013190697e+02, 2.3880357702457786e+02,
       8.3056191220382163e+02, 2.4471548877610923e+02,
       8.7770905392868497e+02, 2.4673022439180465e+02,
       9.2181942203134520e+02, 2.5096585425068764e+02,
       9.6679132380619910e+02, 2.5544078450287304e+02,
       1.0116427422323316e+03, 2.5990802356803579e+02,
       1.0516038019242003e+03, 2.6431297130915806e+02,
       1.0927048676765114e+03, 2.6658788047343728e+02,
       1.1325118847579993e+03, 2.7034884175035160e+02,
       1.1707420760721463e+03, 2.7313131220740826e+02,
       1.2101204958915175e+03, 2.7549421779633559e+02,
       6.3090888001011876e+02, 2.8279315761767339e+02,
       6.8388159156317317e+02, 2.8949977781290659e+02,
       7.3484771562620949e+02, 2.9102156645625195e+02,
       7.8521537345825436e+02, 2.9482192000095677e+02,
       8.3264707735061268e+02, 2.9862618206334383e+02,
       8.8095175212550737e+02, 3.0273802832364760e+02,
       9.2488760763715027e+02, 3.0595252412741849e+02,
       9.7074419121393441e+02, 3.0881518950553357e+02,
       1.0133197858572344e+03, 3.1038083335765151e+02,
       1.0543648528946405e+03, 3.1410295338900971e+02,
       1.0935816407972670e+03, 3.1786536261474640e+02,
       1.1352587478264875e+03, 3.2056878085427940e+02,
       1.1726147197542809e+03, 3.2228076326684527e+02,
       1.2115898579211475e+03, 3.2555110472184174e+02,
       6.3510030564971726e+02, 3.4252880331813094e+02,
       6.8673990249010944e+02, 3.4525604769373376e+02,
       7.4063202776970286e+02, 3.4832067530936854e+02,
       7.9061805116198661e+02, 3.4884019737786139e+02,
       8.3814486704718297e+02, 3.5297711516407338e+02,
       8.8448491463520202e+02, 3.5357344618923548e+02,
       9.2998640862061393e+02, 3.5832799937145091e+02,
       9.7167099995163460e+02, 3.6060163855201995e+02,
       1.0151820131172680e+03, 3.6206733524411300e+02,
       1.0557408693651566e+03, 3.6493083078474609e+02,
       1.0972845558204112e+03, 3.6702956402143639e+02,
       1.1347227194342672e+03, 3.6875041410137362e+02,
       1.1748541745582263e+03, 3.7142464606494798e+02,
       1.2111026471518110e+03, 3.7181764990487090e+02,
       6.4111096640670826e+02, 3.9774850642905670e+02,
       6.9321135052529371e+02, 4.0099506852431534e+02,
       7.4395676569318471e+02, 4.0183191113100366e+02,
       7.9427075876720971e+02, 4.0475587144065810e+02,
       8.4176790715799712e+02, 4.0415811358726387e+02,
       8.8807474807732751e+02, 4.0786736976368377e+02,
       9.3112249913662549e+02, 4.0999629169931643e+02,
       9.7660218167795108e+02, 4.1111786769835339e+02,
       1.0173119536159201e+03, 4.1225988030970041e+02,
       1.0591297023988720e+03, 4.1443199115260427e+02,
       1.0976815854790534e+03, 4.1561329150683889e+02,
       1.1377261507114242e+03, 4.1682083485964495e+02,
       1.1743174858469956e+03, 4.1910997358472400e+02,
       1.2135946091106291e+03, 4.1980595542223057e+02,
       6.4633509251030455e+02, 4.5579206168873043e+02,
       6.9747358680030038e+02, 4.5757892598483045e+02,
       7.4953888555679032e+02, 4.5746436968924382e+02,
       7.9840431173552304e+02, 4.5643481396279560e+02,
       8.4549125776111600e+02, 4.5961422004335162e+02,
       8.9203349222683391e+02, 4.5701736615354844e+02,
       9.3618955333026520e+02, 4.6062585248407140e+02,
       9.7682356233159521e+02, 4.6163745835960140e+02,
       1.0212647477181429e+03, 4.6215074055033125e+02,
       1.0604105992378866e+03, 4.6296960512310574e+02,
       1.1009646330603236e+03, 4.6336228482222958e+02,
       1.1382782562748207e+03, 4.6442391173814974e+02,
       1.1772727072784503e+03, 4.6537977122734168e+02,
       1.2126172019509572e+03, 4.6538175618543664e+02,
       6.5099449968475028e+02, 5.0830723797669737e+02,
       7.0209642975218355e+02, 5.0957449940285534e+02,
       7.5144752811147418e+02, 5.1141853895141884e+02,
       8.0187449248900646e+02, 5.1091184684110357e+02,
       8.4844259090628930e+02, 5.0851480967269265e+02,
       8.9428421357387299e+02, 5.1037383151927583e+02,
       9.3773121325705279e+02, 5.0992531946852483e+02,
       9.8174830577837383e+02, 5.1071412779464242e+02,
       1.0210346100918114e+03, 5.1060509907725924e+02,
       1.0633388188516947e+03, 5.1076709513865922e+02,
       1.1008253904540713e+03, 5.1095680237678334e+02,
       1.1411787539404181e+03, 5.1081571996693009e+02,
       1.1762151413848458e+03, 5.1092194583277109e+02,
       1.2151928052427779e+03, 5.1126973694570324e+02,
       6.5565077235341869e+02, 5.6645836011251902e+02,
       7.0552809615016508e+02, 5.6546833522205361e+02,
       7.5731546978075960e+02, 5.6436034117360066e+02,
       8.0372041810663120e+02, 5.6331404661228771e+02,
       8.5159710747217059e+02, 5.6225028182755489e+02,
       8.9517588505307765e+02, 5.6147680999568354e+02,
       9.4135141533494993e+02, 5.6129921687116132e+02,
       9.8201621675406977e+02, 5.5972970355200925e+02,
       1.0249184657202773e+03, 5.5946831689190969e+02,
       1.0641329731468627e+03, 5.5702887111887117e+02,
       1.1046818681004152e+03, 5.5766147498443627e+02,
       1.1404118320856612e+03, 5.5747360343699381e+02,
       1.1795897980849509e+03, 5.5425398286664654e+02,
       1.2153854026603858e+03, 5.5491094606653587e+02,
       6.6217234864525722e+02, 6.1696340410883988e+02,
       7.1189793713313338e+02, 6.1844638991299121e+02,
       7.6030565001405648e+02, 6.1415795925820271e+02,
       8.0862446936575179e+02, 6.1448602166261969e+02,
       8.5473758796768948e+02, 6.1067057793601703e+02,
       9.0049066886092760e+02, 6.1092688336100457e+02,
       9.4250040510047279e+02, 6.0863981653437577e+02,
       9.8400204367477124e+02, 6.0558768290555452e+02,
       1.0266121674662452e+03, 6.0485349711636945e+02,
       1.0675136919507040e+03, 6.0511315048269807e+02,
       1.1039820931337326e+03, 6.0444211772239737e+02,
       1.1442316186719706e+03, 6.0326624229996378e+02,
       1.1790069555573205e+03, 6.0184036694864938e+02,
       1.2169255788321661e+03, 6.0036982307182666e+02 ]
PROJ_PTS: !!opencv-matrix
   rows: 112
   cols: 2
   dt: d
   data: [ 125., 95., 200., 95., 275., 95., 350., 95., 425., 95., 500.,
       95., 575., 95., 650., 95., 725., 95., 800., 95., 875., 95., 950.,
       95., 1025., 95., 1100., 95., 125., 170., 200., 170., 275., 170.,
       350., 170., 425., 170., 500., 170., 575., 170., 650., 170., 725.,
       170., 800., 170., 875., 170., 950., 170., 1025., 170., 1100.,
       170., 125., 245., 200., 245., 275., 245., 350., 245., 425., 245.,
       500., 245., 575., 245., 650., 245., 725., 245., 800., 245., 875.,
       245., 950., 245., 1025., 245., 1100., 245., 125., 320., 200.,
       320., 275., 320., 350., 320., 425., 320., 500., 320., 575., 320.,
       650., 320., 725., 320., 800., 320., 875., 320., 950., 320., 1025.,
       320., 1100., 320., 125., 395., 200., 395., 275., 395., 350., 395.,
       425., 395., 500., 395., 575., 395., 650., 395., 725., 395., 800.,
       395., 875., 395., 950., 395., 1025., 395., 1100., 395., 125.,
       470., 200., 470., 275., 470., 350., 470., 425., 470., 500., 470.,
       575., 470., 650., 470., 725., 470., 800., 470., 875., 470., 950.,
       470., 1025., 470., 1100., 470., 125., 545., 200., 545., 275.,
       545., 350., 545., 425., 545., 500., 545., 575., 545., 650., 545.,
       725., 545., 800., 545., 875., 545., 950., 545., 1025., 545.,
       1100., 545., 125., 620., 200., 620., 275., 620., 350., 620., 425.,
       620., 500., 620., 575., 620., 650., 620., 725., 620., 800., 620.,
       875., 620., 950., 620., 1025., 620., 1100., 620. ]
