%YAML:1.0
H: !!opencv-matrix
   rows: 3
   cols: 3
   dt: d
   data: [ 7.3108224570068756e-02, 1.4110151907371345e-03,
       -1.1821220702647633e+01, -4.6663884647102690e-03,
       7.7049153311100516e-02, -2.0224809763812845e+00,
       -1.0434175185366113e-04, 1.6558919211337231e-05, 1. ]
