%YAML:1.0
CAM_PTS: !!opencv-matrix
   rows: 112
   cols: 2
   dt: d
   data: [ 3.4837093557498980e+02, 1.3055725717375282e+02,
       4.4749024186217179e+02, 1.4945409097730447e+02,
       5.4900177238560013e+02, 1.6647409843482797e+02,
       6.3986609619965725e+02, 1.8354276523762547e+02,
       7.3085789507401023e+02, 2.0071689312194724e+02,
       8.1538954505742686e+02, 2.1693149609496737e+02,
       8.9746966053522033e+02, 2.3234078741652354e+02,
       9.7549987769931477e+02, 2.4739632938483606e+02,
       1.0514617121230294e+03, 2.6206804115107150e+02,
       1.1245828034911106e+03, 2.7481609719431333e+02,
       1.1940897098827566e+03, 2.8709536610015215e+02,
       1.2623948282803312e+03, 3.0036323514756128e+02,
       1.3260827397331173e+03, 3.1111907927208620e+02,
       1.3886677564397103e+03, 3.2380183511102450e+02,
       3.3698330904488273e+02, 2.1504733081337235e+02,
       4.3943708589447488e+02, 2.3401018472018382e+02,
       5.3964370109430126e+02, 2.4970973072048048e+02,
       6.3576701558953698e+02, 2.6558074306019432e+02,
       7.2427257787947747e+02, 2.8025083185088880e+02,
       8.1094299486181092e+02, 2.9499579737077073e+02,
       8.9266353519162089e+02, 3.0896352043761271e+02,
       9.7030835317225024e+02, 3.2155916215337851e+02,
       1.0472742367982485e+03, 3.3374777428692414e+02,
       1.1205349668401518e+03, 3.4647500051095631e+02,
       1.1905684406158159e+03, 3.5772874540065607e+02,
       1.2593590251713697e+03, 3.6798969494505479e+02,
       1.3225432053599882e+03, 3.7820308011778320e+02,
       1.3860615208847162e+03, 3.8936991258901605e+02,
       3.2901246741196184e+02, 3.0379331089194193e+02,
       4.3407805122048148e+02, 3.1796028208942272e+02,
       5.3329861726854210e+02, 3.3278941779109425e+02,
       6.2805370054582363e+02, 3.4681695510135734e+02,
       7.1867283028289876e+02, 3.6053044083518148e+02,
       8.0497932884184786e+02, 3.7291037474256825e+02,
       8.8781020918618310e+02, 3.8441900630437397e+02,
       9.6604872694963035e+02, 3.9651161496307657e+02,
       1.0430879122984329e+03, 4.0667706166851366e+02,
       1.1163982998313281e+03, 4.1786307750756720e+02,
       1.1864583504339912e+03, 4.2706551145368610e+02,
       1.2547755194852507e+03, 4.3774359330353138e+02,
       1.3209280047072887e+03, 4.4643502235535618e+02,
       1.3829595512840681e+03, 4.5502724112130932e+02,
       3.2264164963392835e+02, 3.9126051122964486e+02,
       4.2773763169216318e+02, 4.0364842634218115e+02,
       5.2640293136228388e+02, 4.1600652062458573e+02,
       6.2187851418786283e+02, 4.2835907797888365e+02,
       7.1359382316401320e+02, 4.4017678001555601e+02,
       7.9949557459219170e+02, 4.5011318378315502e+02,
       8.8241190267332183e+02, 4.6063045676641718e+02,
       9.6070003770807773e+02, 4.7028047876156393e+02,
       1.0388125388506351e+03, 4.7981388188322853e+02,
       1.1116637321014500e+03, 4.8843395424282801e+02,
       1.1827368646686464e+03, 4.9705043701659707e+02,
       1.2510570053658139e+03, 5.0515121967551977e+02,
       1.3156956050457061e+03, 5.1371725552016494e+02,
       1.3796489597778286e+03, 5.2076816515204268e+02,
       3.1341328030911069e+02, 4.8140083495444804e+02,
       4.2301384046963841e+02, 4.8988396561344933e+02,
       5.1988277287715937e+02, 4.9879892271775401e+02,
       6.1527523557774202e+02, 5.0862781471434761e+02,
       7.0800470433583325e+02, 5.1934460354093630e+02,
       7.9399999400568538e+02, 5.2801037368568814e+02,
       8.7646698663734196e+02, 5.3602224209082658e+02,
       9.5631413587488646e+02, 5.4405444013667795e+02,
       1.0339698959693576e+03, 5.5266934421309554e+02,
       1.1065011882567997e+03, 5.5898843763435536e+02,
       1.1784057853892477e+03, 5.6663602964470783e+02,
       1.2467347804608348e+03, 5.7362964943326620e+02,
       1.3128398265377418e+03, 5.8109442070615341e+02,
       1.3762975818418870e+03, 5.8754328757043311e+02,
       3.0530113736418946e+02, 5.6504896971159633e+02,
       4.1155926543504580e+02, 5.7508895314658173e+02,
       5.1211391767716418e+02, 5.8358286523818617e+02,
       6.1031920715202250e+02, 5.9048222674223450e+02,
       7.0153225444709506e+02, 5.9899742122880446e+02,
       7.9016440427634359e+02, 6.0656467522838705e+02,
       8.7197939380938101e+02, 6.1199461520284444e+02,
       9.5222941710198029e+02, 6.1803381178469795e+02,
       1.0285085625021475e+03, 6.2681799952186873e+02,
       1.1033524816685174e+03, 6.3135258622690912e+02,
       1.1749391095340184e+03, 6.3775038976006419e+02,
       1.2432705549945922e+03, 6.4312967863157144e+02,
       1.3088885045619331e+03, 6.4849057438471004e+02,
       1.3728362137284557e+03, 6.5433211388229267e+02,
       2.9721834766383040e+02, 6.5545778452429920e+02,
       4.0570446705904197e+02, 6.6110540267582371e+02,
       5.0548280608013403e+02, 6.6674402199418842e+02,
       6.0133246675692465e+02, 6.7236062593000747e+02,
       6.9456956322637473e+02, 6.7843922856798508e+02,
       7.8250399106002897e+02, 6.8396783248745567e+02,
       8.6637545799102793e+02, 6.8948980726855120e+02,
       9.4679386069609120e+02, 6.9436140458948557e+02,
       1.0244181525652252e+03, 6.9972702218704535e+02,
       1.0992767833957053e+03, 7.0404950915578422e+02,
       1.1708598198510344e+03, 7.0833715891237057e+02,
       1.2396789770147714e+03, 7.1408740346702984e+02,
       1.3058660834085533e+03, 7.1727639800431564e+02,
       1.3697529227416121e+03, 7.2158974678324830e+02,
       2.8768246711933455e+02, 7.4557598299086931e+02,
       3.9659231446147822e+02, 7.4897339763648120e+02,
       4.9785712853397263e+02, 7.5282364174679969e+02,
       5.9650657623242762e+02, 7.5607804980399851e+02,
       6.8816477677355658e+02, 7.5973814339465184e+02,
       7.7652058753489405e+02, 7.6329735477773954e+02,
       8.6074180276740503e+02, 7.6761494907395320e+02,
       9.4218782367385757e+02, 7.7012402565725984e+02,
       1.0202671749942293e+03, 7.7390966294192049e+02,
       1.0945996984242615e+03, 7.7763352967129640e+02,
       1.1666637438360003e+03, 7.8031708243806429e+02,
       1.2360531111484593e+03, 7.8401381602242793e+02,
       1.3025844223921590e+03, 7.8711055736890853e+02,
       1.3670555898909008e+03, 7.8927720852481139e+02 ]
PROJ_PTS: !!opencv-matrix
   rows: 112
   cols: 2
   dt: d
   data: [ 125., 95., 200., 95., 275., 95., 350., 95., 425., 95., 500.,
       95., 575., 95., 650., 95., 725., 95., 800., 95., 875., 95., 950.,
       95., 1025., 95., 1100., 95., 125., 170., 200., 170., 275., 170.,
       350., 170., 425., 170., 500., 170., 575., 170., 650., 170., 725.,
       170., 800., 170., 875., 170., 950., 170., 1025., 170., 1100.,
       170., 125., 245., 200., 245., 275., 245., 350., 245., 425., 245.,
       500., 245., 575., 245., 650., 245., 725., 245., 800., 245., 875.,
       245., 950., 245., 1025., 245., 1100., 245., 125., 320., 200.,
       320., 275., 320., 350., 320., 425., 320., 500., 320., 575., 320.,
       650., 320., 725., 320., 800., 320., 875., 320., 950., 320., 1025.,
       320., 1100., 320., 125., 395., 200., 395., 275., 395., 350., 395.,
       425., 395., 500., 395., 575., 395., 650., 395., 725., 395., 800.,
       395., 875., 395., 950., 395., 1025., 395., 1100., 395., 125.,
       470., 200., 470., 275., 470., 350., 470., 425., 470., 500., 470.,
       575., 470., 650., 470., 725., 470., 800., 470., 875., 470., 950.,
       470., 1025., 470., 1100., 470., 125., 545., 200., 545., 275.,
       545., 350., 545., 425., 545., 500., 545., 575., 545., 650., 545.,
       725., 545., 800., 545., 875., 545., 950., 545., 1025., 545.,
       1100., 545., 125., 620., 200., 620., 275., 620., 350., 620., 425.,
       620., 500., 620., 575., 620., 650., 620., 725., 620., 800., 620.,
       875., 620., 950., 620., 1025., 620., 1100., 620. ]
