%YAML:1.0
CAM_PTS: !!opencv-matrix
   rows: 112
   cols: 2
   dt: d
   data: [ 3.3453827505144272e+02, 1.4439110296679337e+02,
       4.1797604540830741e+02, 1.4868389429671538e+02,
       5.1843024082640591e+02, 1.5683475812070037e+02,
       6.0046407967156563e+02, 1.6522614440436126e+02,
       6.9167296160115859e+02, 1.7275560124690662e+02,
       7.7014677170839002e+02, 1.7705472818716237e+02,
       8.5170030630387453e+02, 1.8269356330951985e+02,
       9.2654368528741816e+02, 1.9142304795867466e+02,
       1.0025462287870780e+03, 1.9774512211832638e+02,
       1.0752851679664284e+03, 2.0355511496049007e+02,
       1.1458439464856108e+03, 2.0893225275000918e+02,
       1.2142315711067242e+03, 2.1482674988265313e+02,
       1.2809617162568652e+03, 2.2071786121290046e+02,
       1.3460767317614223e+03, 2.2608351505274385e+02,
       3.2563718730940320e+02, 2.2304287862237709e+02,
       4.2182775996150735e+02, 2.3023154449543421e+02,
       5.1251655179371153e+02, 2.3704045541146905e+02,
       6.0280099957275320e+02, 2.4249972895569920e+02,
       6.8800100837469438e+02, 2.5011463913754659e+02,
       7.7010068235300207e+02, 2.5641426727471980e+02,
       8.5026439969721366e+02, 2.6187979308189466e+02,
       9.2689404999117733e+02, 2.6747750974874839e+02,
       1.0023934159973027e+03, 2.7269315933103712e+02,
       1.0747193440862243e+03, 2.7749223162674417e+02,
       1.1458273414387986e+03, 2.8234903827427496e+02,
       1.2162820960882329e+03, 2.8694117606541960e+02,
       1.2824247937213743e+03, 2.9211181564866121e+02,
       1.3470051330821993e+03, 2.9597191364714831e+02,
       3.2456473013101549e+02, 3.0974104873275110e+02,
       4.2128592368893010e+02, 3.1556354745652351e+02,
       5.1256790788034357e+02, 3.2001329680403597e+02,
       6.0128370530665438e+02, 3.2508405813336429e+02,
       6.8682542051437110e+02, 3.3129068644593241e+02,
       7.6956255946897113e+02, 3.3515749688960477e+02,
       8.4985614482443236e+02, 3.3964848319451590e+02,
       9.2659790303426598e+02, 3.4375140373520412e+02,
       1.0026883815828303e+03, 3.4794746116595468e+02,
       1.0755781193036157e+03, 3.5171124224945032e+02,
       1.1467288555809944e+03, 3.5551995786696000e+02,
       1.2161364268466264e+03, 3.5935045741725372e+02,
       1.2823532188490112e+03, 3.6267814571552128e+02,
       1.3473962441232409e+03, 3.6598833052864671e+02,
       3.2408808079199139e+02, 3.9620011350637918e+02,
       4.1987101704078117e+02, 3.9971621735572899e+02,
       5.1325718341770801e+02, 4.0550033676749479e+02,
       6.0197301587366303e+02, 4.0717074722967249e+02,
       6.8875004542589045e+02, 4.1079328725212571e+02,
       7.7003034253589101e+02, 4.1422488863212146e+02,
       8.4942578653011083e+02, 4.1623466334459357e+02,
       9.2775082454244080e+02, 4.1981994926195512e+02,
       1.0034141811668044e+03, 4.2297166196392629e+02,
       1.0763559983977582e+03, 4.2567222052897330e+02,
       1.1475396248029613e+03, 4.2840486351873255e+02,
       1.2169606335589167e+03, 4.3115291545721806e+02,
       1.2836622866747839e+03, 4.3340137651374403e+02,
       1.3491699811665801e+03, 4.3563777967374551e+02,
       3.2376257293072672e+02, 4.8237409190204170e+02,
       4.2007114380785299e+02, 4.8409555327969110e+02,
       5.1339797133011245e+02, 4.8672598473701510e+02,
       6.0139684660906596e+02, 4.8826645960828279e+02,
       6.8781604523704937e+02, 4.9062749053677999e+02,
       7.7100962737945770e+02, 4.9204176060604590e+02,
       8.5148873016060793e+02, 4.9462533598727163e+02,
       9.2735506502304634e+02, 4.9460539623195911e+02,
       1.0030747364169408e+03, 4.9823060007277968e+02,
       1.0765416991805841e+03, 4.9881468575267576e+02,
       1.1482426033451497e+03, 5.0094970633906644e+02,
       1.2178545657976015e+03, 5.0351703878605315e+02,
       1.2848611021769252e+03, 5.0423664806784899e+02,
       1.3501585297019619e+03, 5.0618034921646671e+02,
       3.2361544436818201e+02, 5.6917245239455588e+02,
       4.2043170684943897e+02, 5.6961373996416830e+02,
       5.1187178204237051e+02, 5.6956811098926482e+02,
       6.0346446608790109e+02, 5.6910235511626911e+02,
       6.8861026123888610e+02, 5.7097715684533171e+02,
       7.7150084790551580e+02, 5.7100077785726239e+02,
       8.5199109716017358e+02, 5.7150308448843509e+02,
       9.2959496834107051e+02, 5.7250534751710779e+02,
       1.0051244922325703e+03, 5.7303303092338899e+02,
       1.0786070050565140e+03, 5.7355662980457623e+02,
       1.1483340883819983e+03, 5.7258940475173142e+02,
       1.2192424053541154e+03, 5.7461021367343778e+02,
       1.2864069374077844e+03, 5.7522733126744527e+02,
       1.3523953914948038e+03, 5.7566005363944055e+02,
       3.2415167406552928e+02, 6.5803279240378583e+02,
       4.2157345412368448e+02, 6.5639427064257529e+02,
       5.1289567838343373e+02, 6.5280498184972862e+02,
       6.0330431618306659e+02, 6.5390057221401241e+02,
       6.9005609197564138e+02, 6.5067586194313287e+02,
       7.7250345440040553e+02, 6.5099044107571399e+02,
       8.5248382826001875e+02, 6.4998386810805312e+02,
       9.3059459183762146e+02, 6.4957134557031952e+02,
       1.0075887304980889e+03, 6.4789164233752729e+02,
       1.0805590375900260e+03, 6.4881218331104208e+02,
       1.1520812761960224e+03, 6.4736964076155130e+02,
       1.2209033931716065e+03, 6.4743607975810232e+02,
       1.2885330397875443e+03, 6.4640387255427049e+02,
       1.3554582899628988e+03, 6.4683670463340945e+02,
       3.2342123048070749e+02, 7.4571574904707245e+02,
       4.2020291633109440e+02, 7.4261000207889481e+02,
       5.1362845392948043e+02, 7.3960107723565170e+02,
       6.0193680448494706e+02, 7.3766775522254693e+02,
       6.9012846715268631e+02, 7.3432342803178517e+02,
       7.7351639523728909e+02, 7.3188751693021402e+02,
       8.5444539172852308e+02, 7.2937561156805180e+02,
       9.3279353393433007e+02, 7.2679894553518045e+02,
       1.0084654305219627e+03, 7.2566590763614431e+02,
       1.0810013402639272e+03, 7.2448903703525832e+02,
       1.1525503948914827e+03, 7.2138973287065392e+02,
       1.2224726835625377e+03, 7.2158176287593528e+02,
       1.2896478931132706e+03, 7.1838687801598496e+02,
       1.3551257382240060e+03, 7.1866990763940316e+02 ]
PROJ_PTS: !!opencv-matrix
   rows: 112
   cols: 2
   dt: d
   data: [ 125., 95., 200., 95., 275., 95., 350., 95., 425., 95., 500.,
       95., 575., 95., 650., 95., 725., 95., 800., 95., 875., 95., 950.,
       95., 1025., 95., 1100., 95., 125., 170., 200., 170., 275., 170.,
       350., 170., 425., 170., 500., 170., 575., 170., 650., 170., 725.,
       170., 800., 170., 875., 170., 950., 170., 1025., 170., 1100.,
       170., 125., 245., 200., 245., 275., 245., 350., 245., 425., 245.,
       500., 245., 575., 245., 650., 245., 725., 245., 800., 245., 875.,
       245., 950., 245., 1025., 245., 1100., 245., 125., 320., 200.,
       320., 275., 320., 350., 320., 425., 320., 500., 320., 575., 320.,
       650., 320., 725., 320., 800., 320., 875., 320., 950., 320., 1025.,
       320., 1100., 320., 125., 395., 200., 395., 275., 395., 350., 395.,
       425., 395., 500., 395., 575., 395., 650., 395., 725., 395., 800.,
       395., 875., 395., 950., 395., 1025., 395., 1100., 395., 125.,
       470., 200., 470., 275., 470., 350., 470., 425., 470., 500., 470.,
       575., 470., 650., 470., 725., 470., 800., 470., 875., 470., 950.,
       470., 1025., 470., 1100., 470., 125., 545., 200., 545., 275.,
       545., 350., 545., 425., 545., 500., 545., 575., 545., 650., 545.,
       725., 545., 800., 545., 875., 545., 950., 545., 1025., 545.,
       1100., 545., 125., 620., 200., 620., 275., 620., 350., 620., 425.,
       620., 500., 620., 575., 620., 650., 620., 725., 620., 800., 620.,
       875., 620., 950., 620., 1025., 620., 1100., 620. ]
