%YAML:1.0
CAM_PTS: !!opencv-matrix
   rows: 112
   cols: 2
   dt: d
   data: [ 3.7079491746535791e+02, 1.5099260421645437e+02,
       4.7696632634469665e+02, 1.6102917411774337e+02,
       5.8257832740747745e+02, 1.7808758916536561e+02,
       6.7971408781797220e+02, 1.8901630265044196e+02,
       7.7361209223904598e+02, 2.0264238324074461e+02,
       8.6087116355542332e+02, 2.1590190044634585e+02,
       9.4514665268851957e+02, 2.2705768342115249e+02,
       1.0260236810532576e+03, 2.3874483681552255e+02,
       1.1032075928849854e+03, 2.4854311261948703e+02,
       1.1771902497184578e+03, 2.5936938323924198e+02,
       1.2469916379638287e+03, 2.6871331691895477e+02,
       1.3141448037758087e+03, 2.7852408633247836e+02,
       1.3782107427382691e+03, 2.8680283949722934e+02,
       1.4402523789104937e+03, 2.9452110896481076e+02,
       3.6970323813579341e+02, 2.3404247595383447e+02,
       4.7986484863102976e+02, 2.4709384515650379e+02,
       5.8465180943479709e+02, 2.6117626174570097e+02,
       6.8098635513029183e+02, 2.7137855610439095e+02,
       7.7307622795980410e+02, 2.8163126992161608e+02,
       8.6126179086525985e+02, 2.9355498309539456e+02,
       9.4443735031317237e+02, 3.0275202904741013e+02,
       1.0268595480053855e+03, 3.1186982581956221e+02,
       1.1036130178955996e+03, 3.2065118700654068e+02,
       1.1771271232867653e+03, 3.2896920284424652e+02,
       1.2479136429724385e+03, 3.3728931364082814e+02,
       1.3155247735271048e+03, 3.4508790278317122e+02,
       1.3797541355015321e+03, 3.5346363530992170e+02,
       1.4405469120398564e+03, 3.5953400415003352e+02,
       3.6961629166886905e+02, 3.2229508465638798e+02,
       4.7988199492663784e+02, 3.3205525354793150e+02,
       5.8284800039838126e+02, 3.4250060387803046e+02,
       6.8180172324655518e+02, 3.5264283355445372e+02,
       7.7454072349809690e+02, 3.6048459888443506e+02,
       8.6185713338761752e+02, 3.6946744112114413e+02,
       9.4808308204489640e+02, 3.7658167800238260e+02,
       1.0276408436465058e+03, 3.8625501408514231e+02,
       1.1039487314291416e+03, 3.9349143736834640e+02,
       1.1780356325772059e+03, 3.9920020062029391e+02,
       1.2487616882329637e+03, 4.0652135448595050e+02,
       1.3158615253229505e+03, 4.1276087714676930e+02,
       1.3798447402791712e+03, 4.1896115791648606e+02,
       1.4417719944167031e+03, 4.2511467314908680e+02,
       3.7161292627444686e+02, 4.1083239985969851e+02,
       4.8147777298510209e+02, 4.1923121666668317e+02,
       5.8308803485136741e+02, 4.2546330040166708e+02,
       6.8305226915029266e+02, 4.3444929652974588e+02,
       7.7586814507625013e+02, 4.4041231271154595e+02,
       8.6292964399508048e+02, 4.4714737084321342e+02,
       9.4674209294145851e+02, 4.5223527521403685e+02,
       1.0268560530895859e+03, 4.6086151165399724e+02,
       1.1056721916780975e+03, 4.6503915193948512e+02,
       1.1792188627743440e+03, 4.6972169798032928e+02,
       1.2475428261090028e+03, 4.7389718537654346e+02,
       1.3165947055287857e+03, 4.8103778090066498e+02,
       1.3811014842873578e+03, 4.8568716086791915e+02,
       1.4434894805586423e+03, 4.8982201621186522e+02,
       3.7033363266077095e+02, 4.9961532990480839e+02,
       4.7976361989450146e+02, 5.0484891782159895e+02,
       5.8348561354336880e+02, 5.1120689663406404e+02,
       6.8208264521116962e+02, 5.1505654749993209e+02,
       7.7574366273985993e+02, 5.2089776875861605e+02,
       8.6343239646549000e+02, 5.2453148503662806e+02,
       9.4832870250413464e+02, 5.2906939776265824e+02,
       1.0274691542410922e+03, 5.3263406849967669e+02,
       1.1058114633406340e+03, 5.3720733346560826e+02,
       1.1789265605636626e+03, 5.4006563832255654e+02,
       1.2501435352093815e+03, 5.4434772591806347e+02,
       1.3167265679909544e+03, 5.4789910786983182e+02,
       1.3826153829705358e+03, 5.5143570960017189e+02,
       1.4439958219304690e+03, 5.5593920148876668e+02,
       3.6973545710297793e+02, 5.8901670555386340e+02,
       4.7918751082886160e+02, 5.9199852477030026e+02,
       5.8386731020897264e+02, 5.9449495184502564e+02,
       6.8251165511359295e+02, 5.9653017373786952e+02,
       7.7600029399408334e+02, 6.0049985446129551e+02,
       8.6398569618203123e+02, 6.0249777538832529e+02,
       9.4785253101089984e+02, 6.0498717850835544e+02,
       1.0289876996204189e+03, 6.0746543323961316e+02,
       1.1063345420505691e+03, 6.0993163255985746e+02,
       1.1803785581144114e+03, 6.1188865521861339e+02,
       1.2501660385014372e+03, 6.1383754119939704e+02,
       1.3196761109082850e+03, 6.1528275802423082e+02,
       1.3826254682979270e+03, 6.1969583559471971e+02,
       1.4449745556208845e+03, 6.2014816030724523e+02,
       3.6934041403897862e+02, 6.7891597051334895e+02,
       4.8075619344655922e+02, 6.8014489904874040e+02,
       5.8293478412595971e+02, 6.8031723038750795e+02,
       6.8209079264301283e+02, 6.7942872666452115e+02,
       7.7550618226994129e+02, 6.8097006763073080e+02,
       8.6586246462332099e+02, 6.7927282684860768e+02,
       9.4880182685234172e+02, 6.8188445727166300e+02,
       1.0289177574451278e+03, 6.8277407936729833e+02,
       1.1067416473335568e+03, 6.8362978100965415e+02,
       1.1807721899358685e+03, 6.8396805312864672e+02,
       1.2530065704750898e+03, 6.8330218140742397e+02,
       1.3182830977077197e+03, 6.8653857012847777e+02,
       1.3835021900489628e+03, 6.8596006002627814e+02,
       1.4458604221271503e+03, 6.8681128680498864e+02,
       3.6914933580676052e+02, 7.7067251073552961e+02,
       4.8000933529976345e+02, 7.6715604921702243e+02,
       5.8410205935100907e+02, 7.6550112597750797e+02,
       6.8318000175989914e+02, 7.6172359358345398e+02,
       7.7652024179730961e+02, 7.6180249657119577e+02,
       8.6490735221827288e+02, 7.5878168280034492e+02,
       9.4974058551841233e+02, 7.6044229581477475e+02,
       1.0302466533935440e+03, 7.5647435201935161e+02,
       1.1075340282010895e+03, 7.5623037308454832e+02,
       1.1820311294728888e+03, 7.5545759292647585e+02,
       1.2522899400478148e+03, 7.5418397685260038e+02,
       1.3198402849416864e+03, 7.5390757032173769e+02,
       1.3837903296548861e+03, 7.5266783277332036e+02,
       1.4466629990127262e+03, 7.5244559823441750e+02 ]
PROJ_PTS: !!opencv-matrix
   rows: 112
   cols: 2
   dt: d
   data: [ 125., 95., 200., 95., 275., 95., 350., 95., 425., 95., 500.,
       95., 575., 95., 650., 95., 725., 95., 800., 95., 875., 95., 950.,
       95., 1025., 95., 1100., 95., 125., 170., 200., 170., 275., 170.,
       350., 170., 425., 170., 500., 170., 575., 170., 650., 170., 725.,
       170., 800., 170., 875., 170., 950., 170., 1025., 170., 1100.,
       170., 125., 245., 200., 245., 275., 245., 350., 245., 425., 245.,
       500., 245., 575., 245., 650., 245., 725., 245., 800., 245., 875.,
       245., 950., 245., 1025., 245., 1100., 245., 125., 320., 200.,
       320., 275., 320., 350., 320., 425., 320., 500., 320., 575., 320.,
       650., 320., 725., 320., 800., 320., 875., 320., 950., 320., 1025.,
       320., 1100., 320., 125., 395., 200., 395., 275., 395., 350., 395.,
       425., 395., 500., 395., 575., 395., 650., 395., 725., 395., 800.,
       395., 875., 395., 950., 395., 1025., 395., 1100., 395., 125.,
       470., 200., 470., 275., 470., 350., 470., 425., 470., 500., 470.,
       575., 470., 650., 470., 725., 470., 800., 470., 875., 470., 950.,
       470., 1025., 470., 1100., 470., 125., 545., 200., 545., 275.,
       545., 350., 545., 425., 545., 500., 545., 575., 545., 650., 545.,
       725., 545., 800., 545., 875., 545., 950., 545., 1025., 545.,
       1100., 545., 125., 620., 200., 620., 275., 620., 350., 620., 425.,
       620., 500., 620., 575., 620., 650., 620., 725., 620., 800., 620.,
       875., 620., 950., 620., 1025., 620., 1100., 620. ]
