%YAML:1.0
CAM_PTS: !!opencv-matrix
   rows: 112
   cols: 2
   dt: d
   data: [ 3.1298212934199762e+02, 1.4258465302946138e+02,
       4.2386515046276219e+02, 1.5742667981120189e+02,
       5.3611189645282866e+02, 1.7342506628969176e+02,
       6.3952371411629611e+02, 1.8718077304473979e+02,
       7.3587541062460753e+02, 2.0076547890370279e+02,
       8.2682752395362081e+02, 2.1398182896944883e+02,
       9.1435567115403546e+02, 2.2794628026663651e+02,
       9.9728779921073215e+02, 2.3910160501915266e+02,
       1.0770468792368547e+03, 2.5134760527188894e+02,
       1.1520993048890596e+03, 2.6117630160627010e+02,
       1.2249371708087524e+03, 2.7201284680900034e+02,
       1.2931279609107983e+03, 2.8183380198932144e+02,
       1.3582090846721858e+03, 2.9062247019425689e+02,
       1.4202677219651209e+03, 3.0032863061981124e+02,
       3.1286286125612492e+02, 2.2805257323529776e+02,
       4.2863558088959297e+02, 2.4249639518689401e+02,
       5.3811786153156311e+02, 2.5761205046631295e+02,
       6.3972660183292510e+02, 2.7001500756869922e+02,
       7.3721206875141263e+02, 2.8215636215764215e+02,
       8.2887941962389971e+02, 2.9203455252908122e+02,
       9.1554920644829610e+02, 3.0306978578671237e+02,
       9.9858896206778354e+02, 3.1323935508856317e+02,
       1.0787227109807939e+03, 3.2375886100421269e+02,
       1.1535105982434620e+03, 3.3279196370779675e+02,
       1.2253733217484605e+03, 3.4219234081792905e+02,
       1.2940275632645337e+03, 3.4940833013008444e+02,
       1.3590718672842218e+03, 3.5766114871600996e+02,
       1.4228085714740787e+03, 3.6668466393816061e+02,
       3.1274657781200870e+02, 3.1968219005887289e+02,
       4.2908206295015810e+02, 3.3034878376912320e+02,
       5.3672750654195215e+02, 3.4169257218857422e+02,
       6.3997815652130942e+02, 3.5224327687877849e+02,
       7.3762261542218960e+02, 3.6199970075372016e+02,
       8.2993001840612897e+02, 3.7142840881023108e+02,
       9.1571766565714074e+02, 3.7999071467739589e+02,
       9.9784683884327364e+02, 3.8665658038541761e+02,
       1.0792213162127121e+03, 3.9537960144173633e+02,
       1.1538511361088692e+03, 4.0312541245586658e+02,
       1.2257134144201798e+03, 4.0988332774412913e+02,
       1.2948537722978399e+03, 4.1761395258348250e+02,
       1.3598600087477757e+03, 4.2332585899908759e+02,
       1.4218063949366535e+03, 4.2899268563757096e+02,
       3.1373687340642527e+02, 4.1010136652755716e+02,
       4.2915373449627697e+02, 4.1901891518993477e+02,
       5.3840242897757605e+02, 4.2658273064174193e+02,
       6.4128748283814684e+02, 4.3479527161914120e+02,
       7.3805664442731097e+02, 4.4215142849855999e+02,
       8.2897014536359507e+02, 4.4962108904632100e+02,
       9.1733565192372134e+02, 4.5618040646253695e+02,
       9.9952514153506013e+02, 4.6179986222423986e+02,
       1.0779591737209657e+03, 4.6695683636808570e+02,
       1.1545908363442445e+03, 4.7412196869894723e+02,
       1.2254685466713104e+03, 4.7779953474938065e+02,
       1.2950885669125296e+03, 4.8444337142113397e+02,
       1.3610521586514496e+03, 4.9006501550557618e+02,
       1.4234508491209990e+03, 4.9367446495134664e+02,
       3.1342881027457287e+02, 5.0024695620074056e+02,
       4.2889444042758197e+02, 5.0594452816130479e+02,
       5.3771767553502775e+02, 5.1072652600031142e+02,
       6.4123070557692245e+02, 5.1616155760468939e+02,
       7.3801800590208393e+02, 5.2202239586923872e+02,
       8.2949211067003682e+02, 5.2651445417336117e+02,
       9.1737102014238121e+02, 5.3103183284382783e+02,
       1.0006259174778304e+03, 5.3610047388663918e+02,
       1.0800688954484767e+03, 5.3917065085185232e+02,
       1.1557124319545528e+03, 5.4423409356532954e+02,
       1.2285533736860330e+03, 5.4680377995552703e+02,
       1.2961940297062768e+03, 5.5134519630252134e+02,
       1.3611638017439550e+03, 5.5537283564408961e+02,
       1.4230585495329574e+03, 5.5740457973160721e+02,
       3.1283101177680254e+02, 5.9001269845869808e+02,
       4.2880759180913151e+02, 5.9448575200548601e+02,
       5.3765683791610832e+02, 5.9549005012234284e+02,
       6.4164225124336122e+02, 5.9799403565422244e+02,
       7.3900697894153495e+02, 6.0149874390060813e+02,
       8.3050924182870949e+02, 6.0441071680880850e+02,
       9.1792188857622193e+02, 6.0699030665199700e+02,
       1.0011823522246764e+03, 6.0949619328268739e+02,
       1.0810833802238665e+03, 6.1243351371285712e+02,
       1.1567193443775257e+03, 6.1438817673710787e+02,
       1.2266074552588577e+03, 6.1534132183091720e+02,
       1.2976731044495041e+03, 6.1876670081557836e+02,
       1.3631200381961044e+03, 6.2168922536090997e+02,
       1.4264705047936814e+03, 6.2164245754570106e+02,
       3.1146588189037629e+02, 6.8126307680928585e+02,
       4.2890219550696179e+02, 6.8103403196508759e+02,
       5.3772986196545526e+02, 6.8024751538010139e+02,
       6.4261570575539201e+02, 6.8005762434251903e+02,
       7.3905557157916883e+02, 6.8193625372165150e+02,
       8.3148554844162345e+02, 6.8196519910302379e+02,
       9.1859767292388074e+02, 6.8321280250509380e+02,
       1.0021190234939481e+03, 6.8377631945311714e+02,
       1.0819915484877267e+03, 6.8417589727664586e+02,
       1.1571146736029143e+03, 6.8551248551850949e+02,
       1.2299403421216725e+03, 6.8534217624024575e+02,
       1.2975671199998869e+03, 6.8616765159727709e+02,
       1.3639939998638083e+03, 6.8699497129958843e+02,
       1.4279508546462989e+03, 6.8609028597271879e+02,
       3.1580335217241316e+02, 7.6952506372284381e+02,
       4.2867763163309405e+02, 7.6844578742841838e+02,
       5.3694279919882604e+02, 7.6586080612975877e+02,
       6.4231334458689025e+02, 7.6414349975345317e+02,
       7.4056868233406544e+02, 7.6377853345003859e+02,
       8.3160658923608901e+02, 7.6106920205799997e+02,
       9.2037879711934056e+02, 7.5970276118143420e+02,
       1.0029227691672792e+03, 7.5804024530580841e+02,
       1.0827937503405171e+03, 7.5730798109621128e+02,
       1.1583834719578335e+03, 7.5604495825895935e+02,
       1.2311915642441593e+03, 7.5476541043230577e+02,
       1.2997938745317299e+03, 7.5398923952745838e+02,
       1.3647671452148234e+03, 7.5274051865597949e+02,
       1.4281470899277458e+03, 7.5250762140338543e+02 ]
PROJ_PTS: !!opencv-matrix
   rows: 112
   cols: 2
   dt: d
   data: [ 125., 95., 200., 95., 275., 95., 350., 95., 425., 95., 500.,
       95., 575., 95., 650., 95., 725., 95., 800., 95., 875., 95., 950.,
       95., 1025., 95., 1100., 95., 125., 170., 200., 170., 275., 170.,
       350., 170., 425., 170., 500., 170., 575., 170., 650., 170., 725.,
       170., 800., 170., 875., 170., 950., 170., 1025., 170., 1100.,
       170., 125., 245., 200., 245., 275., 245., 350., 245., 425., 245.,
       500., 245., 575., 245., 650., 245., 725., 245., 800., 245., 875.,
       245., 950., 245., 1025., 245., 1100., 245., 125., 320., 200.,
       320., 275., 320., 350., 320., 425., 320., 500., 320., 575., 320.,
       650., 320., 725., 320., 800., 320., 875., 320., 950., 320., 1025.,
       320., 1100., 320., 125., 395., 200., 395., 275., 395., 350., 395.,
       425., 395., 500., 395., 575., 395., 650., 395., 725., 395., 800.,
       395., 875., 395., 950., 395., 1025., 395., 1100., 395., 125.,
       470., 200., 470., 275., 470., 350., 470., 425., 470., 500., 470.,
       575., 470., 650., 470., 725., 470., 800., 470., 875., 470., 950.,
       470., 1025., 470., 1100., 470., 125., 545., 200., 545., 275.,
       545., 350., 545., 425., 545., 500., 545., 575., 545., 650., 545.,
       725., 545., 800., 545., 875., 545., 950., 545., 1025., 545.,
       1100., 545., 125., 620., 200., 620., 275., 620., 350., 620., 425.,
       620., 500., 620., 575., 620., 650., 620., 725., 620., 800., 620.,
       875., 620., 950., 620., 1025., 620., 1100., 620. ]
