%YAML:1.0
CAM_PTS: !!opencv-matrix
   rows: 112
   cols: 2
   dt: d
   data: [ 3.8549017971666774e+02, 1.5579075754501474e+02,
       4.6416013261025421e+02, 1.6013432242712747e+02,
       5.5887434560147130e+02, 1.6936649471918236e+02,
       6.3758283555343087e+02, 1.7587865949246174e+02,
       7.1846309004374825e+02, 1.8449706482100976e+02,
       7.9549120624678824e+02, 1.9229811351636943e+02,
       8.7251294104606473e+02, 1.9888424536713768e+02,
       9.4408778551677722e+02, 2.0832894788454877e+02,
       1.0161724789630989e+03, 2.1474902729362054e+02,
       1.0847787664801219e+03, 2.2182438368897709e+02,
       1.1522614612833045e+03, 2.2786802932544583e+02,
       1.2192876812106852e+03, 2.3552654654041504e+02,
       1.2830648701756115e+03, 2.4139176359939921e+02,
       1.3452414318842223e+03, 2.4820998944960809e+02,
       3.7808552531761779e+02, 2.2906160070538738e+02,
       4.6883134705405018e+02, 2.3574063786573277e+02,
       5.5437963236192923e+02, 2.4706816515238239e+02,
       6.3630626072226562e+02, 2.5323046629527892e+02,
       7.1683270618471329e+02, 2.6042855578039178e+02,
       7.9399985530970503e+02, 2.6728179662566640e+02,
       8.7019423628847630e+02, 2.7377483179190335e+02,
       9.4283980814141205e+02, 2.8038013503984251e+02,
       1.0153466453218933e+03, 2.8658907311706184e+02,
       1.0846889738010768e+03, 2.9286099017648974e+02,
       1.1528235448307232e+03, 2.9868467953085502e+02,
       1.2187650185852765e+03, 3.0452412086892565e+02,
       1.2830325475177372e+03, 3.1085162324635388e+02,
       1.3456504075465523e+03, 3.1468718855669641e+02,
       3.7411120560205160e+02, 3.0992280893421605e+02,
       4.6317604949981649e+02, 3.1680774179575104e+02,
       5.4968337697813195e+02, 3.2479254472570278e+02,
       6.3320924643786202e+02, 3.2943347326096921e+02,
       7.1521596897164261e+02, 3.3669910101986005e+02,
       7.9465751498683983e+02, 3.4286638289956636e+02,
       8.6879899583502151e+02, 3.4815527514705474e+02,
       9.4155580233001137e+02, 3.5371596332973030e+02,
       1.0136494097746938e+03, 3.5890100283559440e+02,
       1.0840420630071571e+03, 3.6364573640898027e+02,
       1.1522177226241465e+03, 3.6891864991847046e+02,
       1.2186645401459321e+03, 3.7321517904552718e+02,
       1.2829226816088637e+03, 3.7799965673646113e+02,
       1.3460117499807188e+03, 3.8227074382154569e+02,
       3.7018239752042581e+02, 3.9407473502443776e+02,
       4.6180095928788381e+02, 3.9755215360816402e+02,
       5.4914837426832560e+02, 4.0476669441508204e+02,
       6.3307123679380641e+02, 4.0604122426960151e+02,
       7.1312339606044350e+02, 4.1227373971694328e+02,
       7.9154373419605724e+02, 4.1763073584658696e+02,
       8.6740048319334358e+02, 4.2173020533767590e+02,
       9.4121758053926703e+02, 4.2681605389665492e+02,
       1.0133716160693916e+03, 4.3046152082800791e+02,
       1.0838101390776642e+03, 4.3414639916519110e+02,
       1.1520140426255498e+03, 4.3835005457888940e+02,
       1.2189687258883650e+03, 4.4256303237181737e+02,
       1.2832232209998244e+03, 4.4676610512447377e+02,
       1.3462908597199332e+03, 4.4946921373502022e+02,
       3.6990982428117837e+02, 4.7380832937601502e+02,
       4.5955697638461123e+02, 4.7802881575194141e+02,
       5.4756324145110284e+02, 4.8201549071678471e+02,
       6.3056729870849847e+02, 4.8516712717744593e+02,
       7.1155720549389889e+02, 4.8907117973254174e+02,
       7.9000156447818654e+02, 4.9253912235785981e+02,
       8.6695758923827987e+02, 4.9605551706373370e+02,
       9.4032498952047968e+02, 4.9911060214891319e+02,
       1.0125226555528682e+03, 5.0269419098026094e+02,
       1.0829935308475117e+03, 5.0530054039154692e+02,
       1.1516498953414621e+03, 5.0844591487570796e+02,
       1.2186735373646368e+03, 5.1153289930240726e+02,
       1.2839031275724608e+03, 5.1414771778565284e+02,
       1.3464724419657796e+03, 5.1724396707145672e+02,
       3.6631248017933405e+02, 5.5573591231305409e+02,
       4.5695480664920922e+02, 5.5814445405880110e+02,
       5.4442922544355724e+02, 5.6145941772640310e+02,
       6.2958957243802183e+02, 5.6305830833919174e+02,
       7.1002623012347908e+02, 5.6600799977937970e+02,
       7.9000009564139350e+02, 5.6750058176397545e+02,
       8.6598357526155871e+02, 5.7100469860859903e+02,
       9.3987292691431082e+02, 5.7251662627198414e+02,
       1.0125851326565362e+03, 5.7553050843510459e+02,
       1.0820765401832709e+03, 5.7704667027016956e+02,
       1.1512972917660425e+03, 5.7955741894239748e+02,
       1.2181828865546822e+03, 5.8105683247823504e+02,
       1.2834906547763405e+03, 5.8356586276975486e+02,
       1.3473668296250698e+03, 5.8484604670512283e+02,
       3.6337756387928982e+02, 6.3918206352216907e+02,
       4.5289046306356300e+02, 6.4065386334064021e+02,
       5.4115405240513405e+02, 6.4137125422930944e+02,
       6.2620588295665789e+02, 6.4243761788840914e+02,
       7.0977990029125647e+02, 6.4230831583459087e+02,
       7.8825277028737253e+02, 6.4622607875037681e+02,
       8.6497716735171139e+02, 6.4548267785610403e+02,
       9.3836148328723414e+02, 6.4694691461424418e+02,
       1.0115668640460181e+03, 6.4788797472825649e+02,
       1.0820447039950541e+03, 6.4930865931609276e+02,
       1.1507745547973841e+03, 6.5029653830341385e+02,
       1.2182176768157533e+03, 6.5160651747488635e+02,
       1.2818688263615261e+03, 6.5338651896133308e+02,
       1.3469805813346454e+03, 6.5437355986092257e+02,
       3.6062298601720056e+02, 7.2404554857601374e+02,
       4.5170402152595739e+02, 7.2284659388320938e+02,
       5.3985918121223858e+02, 7.2294233158270310e+02,
       6.2430581798686410e+02, 7.2176538235039561e+02,
       7.0551720772611372e+02, 7.2140730961796135e+02,
       7.8627134059337004e+02, 7.2329562370204246e+02,
       8.6408117654907016e+02, 7.2264787849983941e+02,
       9.3786655661151030e+02, 7.2247751932561266e+02,
       1.0104619335664254e+03, 7.2167673753362703e+02,
       1.0824034163638562e+03, 7.2150615492442853e+02,
       1.1506073464033871e+03, 7.2230640159820871e+02,
       1.2180499157719992e+03, 7.2209230531538083e+02,
       1.2832703371387106e+03, 7.2286538194493357e+02,
       1.3463262517740459e+03, 7.2314883687883378e+02 ]
PROJ_PTS: !!opencv-matrix
   rows: 112
   cols: 2
   dt: d
   data: [ 125., 95., 200., 95., 275., 95., 350., 95., 425., 95., 500.,
       95., 575., 95., 650., 95., 725., 95., 800., 95., 875., 95., 950.,
       95., 1025., 95., 1100., 95., 125., 170., 200., 170., 275., 170.,
       350., 170., 425., 170., 500., 170., 575., 170., 650., 170., 725.,
       170., 800., 170., 875., 170., 950., 170., 1025., 170., 1100.,
       170., 125., 245., 200., 245., 275., 245., 350., 245., 425., 245.,
       500., 245., 575., 245., 650., 245., 725., 245., 800., 245., 875.,
       245., 950., 245., 1025., 245., 1100., 245., 125., 320., 200.,
       320., 275., 320., 350., 320., 425., 320., 500., 320., 575., 320.,
       650., 320., 725., 320., 800., 320., 875., 320., 950., 320., 1025.,
       320., 1100., 320., 125., 395., 200., 395., 275., 395., 350., 395.,
       425., 395., 500., 395., 575., 395., 650., 395., 725., 395., 800.,
       395., 875., 395., 950., 395., 1025., 395., 1100., 395., 125.,
       470., 200., 470., 275., 470., 350., 470., 425., 470., 500., 470.,
       575., 470., 650., 470., 725., 470., 800., 470., 875., 470., 950.,
       470., 1025., 470., 1100., 470., 125., 545., 200., 545., 275.,
       545., 350., 545., 425., 545., 500., 545., 575., 545., 650., 545.,
       725., 545., 800., 545., 875., 545., 950., 545., 1025., 545.,
       1100., 545., 125., 620., 200., 620., 275., 620., 350., 620., 425.,
       620., 500., 620., 575., 620., 650., 620., 725., 620., 800., 620.,
       875., 620., 950., 620., 1025., 620., 1100., 620. ]
