%YAML:1.0
CAM_PTS: !!opencv-matrix
   rows: 112
   cols: 2
   dt: d
   data: [ 3.1769756632461406e+02, 1.0875716885207760e+02,
       4.0637554648313767e+02, 1.2130928007842317e+02,
       5.2646111150064360e+02, 1.3519911374491306e+02,
       6.1143893791699543e+02, 1.4750113077469462e+02,
       7.2049063351936195e+02, 1.6286305850784981e+02,
       8.0642069697244938e+02, 1.6869224072275091e+02,
       8.9485469106556639e+02, 1.7963500555402680e+02,
       9.7813962829429988e+02, 1.9236058922943681e+02,
       1.0619453895282704e+03, 2.0347579316669953e+02,
       1.1414479676667120e+03, 2.1431385033918622e+02,
       1.2174928936095152e+03, 2.2526092583662330e+02,
       1.2906510639503072e+03, 2.3509704046862242e+02,
       1.3637899058771582e+03, 2.4439334760628952e+02,
       1.4275705750195966e+03, 2.5857626289450349e+02,
       3.0185430029794583e+02, 1.9175676413969200e+02,
       4.1117242835708436e+02, 2.0619755564575468e+02,
       5.1460211256681282e+02, 2.1830896450886570e+02,
       6.1449918120739608e+02, 2.3002447502896121e+02,
       7.1089397384422398e+02, 2.4315262194949509e+02,
       8.0246379501168769e+02, 2.5393817910540520e+02,
       8.9157566828843483e+02, 2.6442230917215892e+02,
       9.7518345677279240e+02, 2.7613414828033154e+02,
       1.0594209839628750e+03, 2.8432778461674098e+02,
       1.1394908960808721e+03, 2.9415996241474272e+02,
       1.2167945827446827e+03, 3.0352457020231316e+02,
       1.2921780382200755e+03, 3.1327590067133571e+02,
       1.3627760283208290e+03, 3.2020822766231379e+02,
       1.4326064325376219e+03, 3.2895203126842955e+02,
       2.9629106959222520e+02, 2.8921492768163364e+02,
       4.0637736690514379e+02, 2.9880990591523715e+02,
       5.0892225931829603e+02, 3.1018392102851828e+02,
       6.1024268620385078e+02, 3.2009757267046012e+02,
       7.0675341944997979e+02, 3.3075799182046552e+02,
       7.9898764557047991e+02, 3.3961960953750622e+02,
       8.8825422558009802e+02, 3.4963072519737455e+02,
       9.7290730912597928e+02, 3.5777449163086277e+02,
       1.0573191992701989e+03, 3.6650926572913102e+02,
       1.1369551484197393e+03, 3.7429557170499675e+02,
       1.2142879836092930e+03, 3.8210099610566976e+02,
       1.2898342941505557e+03, 3.8989790782501046e+02,
       1.3607258989887580e+03, 3.9715262842486425e+02,
       1.4309751997521105e+03, 4.0386509712671261e+02,
       2.9231369181860265e+02, 3.8547796246260685e+02,
       4.0168066791555947e+02, 3.9385136888706597e+02,
       5.0476106296315373e+02, 4.0251018728679435e+02,
       6.0702074660968947e+02, 4.1165377048592086e+02,
       7.0263778369497152e+02, 4.1876077566541085e+02,
       7.9498786362778685e+02, 4.2801045638023948e+02,
       8.8538052030869562e+02, 4.3470506684537338e+02,
       9.7113222262268334e+02, 4.4345832111501136e+02,
       1.0546174444137109e+03, 4.4848460334493706e+02,
       1.1347702639736233e+03, 4.5521373287630286e+02,
       1.2126472146321159e+03, 4.6188389710204535e+02,
       1.2880828917545750e+03, 4.6914073112331772e+02,
       1.3595432917473318e+03, 4.7324658103637597e+02,
       1.4302360356452714e+03, 4.7887558364922876e+02,
       2.8606834181669291e+02, 4.8198600786287807e+02,
       3.9768061430472142e+02, 4.8941105897014933e+02,
       5.0037485163965573e+02, 4.9734871312991061e+02,
       6.0184225705731512e+02, 5.0116112713067702e+02,
       7.0006029415607372e+02, 5.0705429076835270e+02,
       7.9200048231781727e+02, 5.1351918895897438e+02,
       8.8195385797931533e+02, 5.1903805519616606e+02,
       9.6776035551834423e+02, 5.2509171692333791e+02,
       1.0521742353144286e+03, 5.3088237860984270e+02,
       1.1320095379502441e+03, 5.3574629461377697e+02,
       1.2103669025738650e+03, 5.4082114362283835e+02,
       1.2854222850269909e+03, 5.4587941317441118e+02,
       1.3577436562924063e+03, 5.4992558297053893e+02,
       1.4284133919449046e+03, 5.5493847945804646e+02,
       2.7906992671838611e+02, 5.7911091308822483e+02,
       3.8989479955905421e+02, 5.8503892995789965e+02,
       4.9551962418068126e+02, 5.8801228289884421e+02,
       5.9828832925812662e+02, 5.9203432328712825e+02,
       6.9503937426828963e+02, 5.9699785449217427e+02,
       7.8804012946019202e+02, 6.0094428965234579e+02,
       8.7845205823486685e+02, 6.0504849484312945e+02,
       9.6483127128001956e+02, 6.0950468613401790e+02,
       1.0488497448998148e+03, 6.1244683557033159e+02,
       1.1295679786508781e+03, 6.1639423522664595e+02,
       1.2079308152921219e+03, 6.2032179192505021e+02,
       1.2851668194707943e+03, 6.2595438233062725e+02,
       1.3557976712383552e+03, 6.2763434597765547e+02,
       1.4264639997836939e+03, 6.3004206689629018e+02,
       2.7231672245431457e+02, 6.7621872598217567e+02,
       3.8408791185564866e+02, 6.7944540017621773e+02,
       4.9016040659958412e+02, 6.8215414757867302e+02,
       5.9183153191287613e+02, 6.8326566829740557e+02,
       6.8908446547113806e+02, 6.8692323623481343e+02,
       7.8450588770831325e+02, 6.8719916819378886e+02,
       8.7444719449833451e+02, 6.9093483134825158e+02,
       9.6074813464576482e+02, 6.9284711591008158e+02,
       1.0457762151271972e+03, 6.9570080503810198e+02,
       1.1274258745971074e+03, 6.9963303352506705e+02,
       1.2058665143415597e+03, 7.0035373179313137e+02,
       1.2813730277124223e+03, 7.0305634563636920e+02,
       1.3546784304553103e+03, 7.0482453523400613e+02,
       1.4258451424845762e+03, 7.0710086921260097e+02,
       2.6629228380933023e+02, 7.7515906664146223e+02,
       3.7850637069752798e+02, 7.7566808223290036e+02,
       4.8597531418296199e+02, 7.7611617222966083e+02,
       5.8959435872730228e+02, 7.7496674281834157e+02,
       6.8619264714246049e+02, 7.7567097421469475e+02,
       7.8055070945731825e+02, 7.7665675088048374e+02,
       8.7277722757878109e+02, 7.7796851791897643e+02,
       9.5855139036667504e+02, 7.7784858492473973e+02,
       1.0435781747809372e+03, 7.7831050776053314e+02,
       1.1253127459071734e+03, 7.7996701882127900e+02,
       1.2040635739319737e+03, 7.8064643147626828e+02,
       1.2800986928208599e+03, 7.8177825763310409e+02,
       1.3534162538144706e+03, 7.8341420654540480e+02,
       1.4259900412027066e+03, 7.8552462739433679e+02 ]
PROJ_PTS: !!opencv-matrix
   rows: 112
   cols: 2
   dt: d
   data: [ 125., 95., 200., 95., 275., 95., 350., 95., 425., 95., 500.,
       95., 575., 95., 650., 95., 725., 95., 800., 95., 875., 95., 950.,
       95., 1025., 95., 1100., 95., 125., 170., 200., 170., 275., 170.,
       350., 170., 425., 170., 500., 170., 575., 170., 650., 170., 725.,
       170., 800., 170., 875., 170., 950., 170., 1025., 170., 1100.,
       170., 125., 245., 200., 245., 275., 245., 350., 245., 425., 245.,
       500., 245., 575., 245., 650., 245., 725., 245., 800., 245., 875.,
       245., 950., 245., 1025., 245., 1100., 245., 125., 320., 200.,
       320., 275., 320., 350., 320., 425., 320., 500., 320., 575., 320.,
       650., 320., 725., 320., 800., 320., 875., 320., 950., 320., 1025.,
       320., 1100., 320., 125., 395., 200., 395., 275., 395., 350., 395.,
       425., 395., 500., 395., 575., 395., 650., 395., 725., 395., 800.,
       395., 875., 395., 950., 395., 1025., 395., 1100., 395., 125.,
       470., 200., 470., 275., 470., 350., 470., 425., 470., 500., 470.,
       575., 470., 650., 470., 725., 470., 800., 470., 875., 470., 950.,
       470., 1025., 470., 1100., 470., 125., 545., 200., 545., 275.,
       545., 350., 545., 425., 545., 500., 545., 575., 545., 650., 545.,
       725., 545., 800., 545., 875., 545., 950., 545., 1025., 545.,
       1100., 545., 125., 620., 200., 620., 275., 620., 350., 620., 425.,
       620., 500., 620., 575., 620., 650., 620., 725., 620., 800., 620.,
       875., 620., 950., 620., 1025., 620., 1100., 620. ]
