%YAML:1.0
CAM_PTS: !!opencv-matrix
   rows: 112
   cols: 2
   dt: d
   data: [ 3.0346111988639944e+02, 2.4189362089926863e+02,
       4.0557114021294359e+02, 2.3379001626852960e+02,
       5.0336013141604798e+02, 2.3253139793069761e+02,
       6.0067307755053378e+02, 2.2870246963037027e+02,
       6.9004850686977841e+02, 2.2593020262233870e+02,
       7.7509402698548013e+02, 2.2383265454560495e+02,
       8.5568100498617059e+02, 2.2091595981177244e+02,
       9.3121584048947022e+02, 2.1863091144071888e+02,
       1.0061009480573412e+03, 2.1597728785046883e+02,
       1.0763378791049654e+03, 2.1438833803375405e+02,
       1.1434081990678114e+03, 2.1285114071207107e+02,
       1.2078123986482456e+03, 2.0986274746826695e+02,
       1.2691205192375191e+03, 2.0883356498956437e+02,
       1.3288322769698184e+03, 2.0679707935404247e+02,
       3.2106517490591693e+02, 3.2111126576757630e+02,
       4.2649720849704067e+02, 3.1785918218736339e+02,
       5.2448697255531806e+02, 3.1104812909927773e+02,
       6.1923334735742469e+02, 3.0619787389084439e+02,
       7.0879478592763996e+02, 3.0200238408056498e+02,
       7.9200646770541618e+02, 2.9697384787525164e+02,
       8.7221777610496167e+02, 2.9307664737300018e+02,
       9.4783830987447436e+02, 2.8929997600657583e+02,
       1.0207890288956655e+03, 2.8414149077684436e+02,
       1.0910522027677621e+03, 2.8153293435138283e+02,
       1.1576228419727113e+03, 2.7798130963604734e+02,
       1.2205419075055629e+03, 2.7543367968836225e+02,
       1.2817997107650849e+03, 2.7141323946513342e+02,
       1.3404817383499485e+03, 2.6835538961420389e+02,
       3.4086913254787680e+02, 4.0683902595303448e+02,
       4.4699383323216227e+02, 3.9761476434427220e+02,
       5.4397441977778522e+02, 3.9028472657783846e+02,
       6.3790875699300943e+02, 3.8354498273590252e+02,
       7.2513728697693773e+02, 3.7642921558377361e+02,
       8.0847212591574350e+02, 3.7042493016582023e+02,
       8.8778000504885165e+02, 3.6453247793536673e+02,
       9.6296549476059909e+02, 3.5923492719049852e+02,
       1.0359551902681869e+03, 3.5352791787681531e+02,
       1.1042424464154651e+03, 3.4788057305233372e+02,
       1.1703173716851347e+03, 3.4376659411662354e+02,
       1.2336903776362162e+03, 3.3769975635285709e+02,
       1.2949163081620313e+03, 3.3361808677095610e+02,
       1.3525787649595181e+03, 3.3050139098702624e+02,
       3.6178724508598441e+02, 4.8840040314394804e+02,
       4.6647255758172730e+02, 4.7850854787786102e+02,
       5.6261540956845897e+02, 4.6932528350801118e+02,
       6.5520090027324261e+02, 4.6019026598894760e+02,
       7.4254559991967642e+02, 4.5162414471620491e+02,
       8.2547072533417020e+02, 4.4213887633927368e+02,
       9.0284420947813203e+02, 4.3572304466282515e+02,
       9.7806548320414549e+02, 4.2838523598881227e+02,
       1.0505723479626427e+03, 4.2111633224029538e+02,
       1.1188558332454004e+03, 4.1439680073591057e+02,
       1.1844130273895980e+03, 4.0821508865499538e+02,
       1.2472724649898137e+03, 4.0255457095736006e+02,
       1.3074764311913996e+03, 3.9640957148849668e+02,
       1.3641087707595084e+03, 3.8976264449167502e+02,
       3.8104551226950900e+02, 5.7261707012018053e+02,
       4.8414562574833946e+02, 5.6011644574322111e+02,
       5.8202484061486609e+02, 5.4796678329612428e+02,
       6.7258656630495977e+02, 5.3703891850582329e+02,
       7.5900788869080657e+02, 5.2551491570619339e+02,
       8.4098497309061679e+02, 5.1602415444681787e+02,
       9.1888568265776894e+02, 5.0657781121043433e+02,
       9.9262185895431935e+02, 4.9767879060578036e+02,
       1.0646275437898466e+03, 4.8883128761436939e+02,
       1.1319044738699438e+03, 4.8002680723282782e+02,
       1.1974367327967971e+03, 4.7225822586989352e+02,
       1.2602649908583692e+03, 4.6551002231320183e+02,
       1.3189686276541970e+03, 4.5827776113743937e+02,
       1.3770380798588506e+03, 4.5204668097961587e+02,
       4.0126044398671706e+02, 6.5314577825930132e+02,
       5.0297072903016999e+02, 6.3834409021187059e+02,
       5.9780866798930106e+02, 6.2544675067536264e+02,
       6.8900160233000884e+02, 6.1166809135479423e+02,
       7.7450034390986059e+02, 5.9899986937637982e+02,
       8.5549048304883206e+02, 5.8800055791434283e+02,
       9.3338955618001648e+02, 5.7651195762448651e+02,
       1.0071115824946982e+03, 5.6604657930956000e+02,
       1.0771109192873782e+03, 5.5611145714661404e+02,
       1.1458461331376143e+03, 5.4571569366395863e+02,
       1.2093784004266579e+03, 5.3684559103202707e+02,
       1.2726659868237427e+03, 5.2800936831543390e+02,
       1.3308529589409115e+03, 5.1968946190843076e+02,
       1.3874323977005015e+03, 5.1188227576970792e+02,
       4.2137277377795067e+02, 7.3464842077740718e+02,
       5.2027161250572544e+02, 7.1642456943504055e+02,
       6.1521099900244485e+02, 6.9944458414838743e+02,
       7.0555901063861870e+02, 6.8543736768994847e+02,
       7.9000100768261177e+02, 6.7097981390097982e+02,
       8.7096786941816686e+02, 6.5797230892955611e+02,
       9.4783655692805814e+02, 6.4494334704707455e+02,
       1.0210239262971373e+03, 6.3341234855320920e+02,
       1.0914238248194902e+03, 6.2183390013160863e+02,
       1.1577075206367258e+03, 6.1090490508457015e+02,
       1.2231754045387681e+03, 6.0044186197518616e+02,
       1.2844705300536648e+03, 5.9050902373549820e+02,
       1.3426361075380589e+03, 5.8060753680693870e+02,
       1.3987122887666224e+03, 5.7172318165858371e+02,
       4.3872165033854219e+02, 8.1063025047476526e+02,
       5.3851429538112666e+02, 7.9120746068530684e+02,
       6.3187628792119995e+02, 7.7407639498695869e+02,
       7.2209284552713018e+02, 7.5728596882103614e+02,
       8.0548957589806685e+02, 7.4186411196657048e+02,
       8.8540340554969032e+02, 7.2635765424428575e+02,
       9.6221497444682245e+02, 7.1229554930551683e+02,
       1.0348488695159942e+03, 6.9920914527292325e+02,
       1.1042633695919908e+03, 6.8612332864302414e+02,
       1.1709401727496011e+03, 6.7454681392476596e+02,
       1.2359677377464523e+03, 6.6298135045768743e+02,
       1.2961692983280473e+03, 6.5098794115794169e+02,
       1.3533442805638626e+03, 6.4050560699488403e+02,
       1.4099044387844906e+03, 6.3005706588078851e+02 ]
PROJ_PTS: !!opencv-matrix
   rows: 112
   cols: 2
   dt: d
   data: [ 125., 95., 200., 95., 275., 95., 350., 95., 425., 95., 500.,
       95., 575., 95., 650., 95., 725., 95., 800., 95., 875., 95., 950.,
       95., 1025., 95., 1100., 95., 125., 170., 200., 170., 275., 170.,
       350., 170., 425., 170., 500., 170., 575., 170., 650., 170., 725.,
       170., 800., 170., 875., 170., 950., 170., 1025., 170., 1100.,
       170., 125., 245., 200., 245., 275., 245., 350., 245., 425., 245.,
       500., 245., 575., 245., 650., 245., 725., 245., 800., 245., 875.,
       245., 950., 245., 1025., 245., 1100., 245., 125., 320., 200.,
       320., 275., 320., 350., 320., 425., 320., 500., 320., 575., 320.,
       650., 320., 725., 320., 800., 320., 875., 320., 950., 320., 1025.,
       320., 1100., 320., 125., 395., 200., 395., 275., 395., 350., 395.,
       425., 395., 500., 395., 575., 395., 650., 395., 725., 395., 800.,
       395., 875., 395., 950., 395., 1025., 395., 1100., 395., 125.,
       470., 200., 470., 275., 470., 350., 470., 425., 470., 500., 470.,
       575., 470., 650., 470., 725., 470., 800., 470., 875., 470., 950.,
       470., 1025., 470., 1100., 470., 125., 545., 200., 545., 275.,
       545., 350., 545., 425., 545., 500., 545., 575., 545., 650., 545.,
       725., 545., 800., 545., 875., 545., 950., 545., 1025., 545.,
       1100., 545., 125., 620., 200., 620., 275., 620., 350., 620., 425.,
       620., 500., 620., 575., 620., 650., 620., 725., 620., 800., 620.,
       875., 620., 950., 620., 1025., 620., 1100., 620. ]
