%YAML:1.0
CAM_PTS: !!opencv-matrix
   rows: 112
   cols: 2
   dt: d
   data: [ 3.6227271439752963e+02, 1.0790795782626566e+02,
       4.7323170827450781e+02, 1.3014967378767562e+02,
       5.7776118198610277e+02, 1.5208038767577563e+02,
       6.7777075579692280e+02, 1.7426839341558940e+02,
       7.7212438499346672e+02, 1.9525744368884563e+02,
       8.6114075340549357e+02, 2.1451657708412370e+02,
       9.4516895573735451e+02, 2.3346837440956574e+02,
       1.0260820561272710e+03, 2.5058321449576738e+02,
       1.1028250273394740e+03, 2.6728385338661906e+02,
       1.1763561373206649e+03, 2.8254100581492526e+02,
       1.2457113335618551e+03, 2.9778935972481037e+02,
       1.3123982708501017e+03, 3.1202095332058707e+02,
       1.3750062686723190e+03, 3.2471248484739334e+02,
       1.4346008999095925e+03, 3.3832072400571997e+02,
       3.4843223888984051e+02, 1.8945205077532393e+02,
       4.6568288649373494e+02, 2.1345830200834956e+02,
       5.6942164528769672e+02, 2.3525617505976061e+02,
       6.6909467692212218e+02, 2.5510257864371994e+02,
       7.6471055238043186e+02, 2.7258815710758603e+02,
       8.5478141379275507e+02, 2.8958549537450148e+02,
       9.3993551186886123e+02, 3.0660214176958863e+02,
       1.0199605001243734e+03, 3.2223899077466348e+02,
       1.0972710279252617e+03, 3.3695163715172964e+02,
       1.1713390232613508e+03, 3.5069871166473700e+02,
       1.2416911310448643e+03, 3.6492838331541259e+02,
       1.3073802078693839e+03, 3.7664361888874623e+02,
       1.3704458458389913e+03, 3.8831131764517721e+02,
       1.4310273773172139e+03, 4.0046737968072136e+02,
       3.3896992777157186e+02, 2.8006068600609683e+02,
       4.5291959967970581e+02, 2.9857894725584606e+02,
       5.6012503352387353e+02, 3.1731964323799428e+02,
       6.6192218217019979e+02, 3.3432263104102617e+02,
       7.5810510442365853e+02, 3.4977895062468826e+02,
       8.4738754709325860e+02, 3.6547598458680375e+02,
       9.3365057633798097e+02, 3.7953050419020713e+02,
       1.0142641913062894e+03, 3.9465781504946426e+02,
       1.0921290500793903e+03, 4.0635179542981018e+02,
       1.1657447838565474e+03, 4.1904674846221985e+02,
       1.2361088796134723e+03, 4.3073385104354543e+02,
       1.3037574729639032e+03, 4.4238816139475648e+02,
       1.3663090483639614e+03, 4.5250464792203240e+02,
       1.4272706696331295e+03, 4.6257480577472961e+02,
       3.2962240163519124e+02, 3.6748970968734466e+02,
       4.4507882646689438e+02, 3.8423562442090065e+02,
       5.5187897838464141e+02, 3.9969680421844453e+02,
       6.5477707552049685e+02, 4.1435285774185547e+02,
       7.5004990137112509e+02, 4.2818570598446058e+02,
       8.4095353788523744e+02, 4.4114876753667835e+02,
       9.2680772928085366e+02, 4.5419887654143236e+02,
       1.0084833380817843e+03, 4.6630179307290069e+02,
       1.0864023067872795e+03, 4.7693044934091824e+02,
       1.1605439375667979e+03, 4.8805256560856662e+02,
       1.2309206222952657e+03, 4.9716556227183560e+02,
       1.2990590851647371e+03, 5.0773740436229014e+02,
       1.3620859520367608e+03, 5.1677895060933133e+02,
       1.4235097059251750e+03, 5.2578317244703715e+02,
       3.1942905324685842e+02, 4.5760947810423727e+02,
       4.3490012426654749e+02, 4.6964541045815173e+02,
       5.4303340148401787e+02, 4.8229787812736049e+02,
       6.4468900046354497e+02, 4.9412342739839517e+02,
       7.4252030284615034e+02, 5.0703337863173050e+02,
       8.3395207999285253e+02, 5.1860329034780750e+02,
       9.1989988651989938e+02, 5.2904973035838759e+02,
       1.0021204107729999e+03, 5.3859666894633688e+02,
       1.0805726470447755e+03, 5.4764225382974792e+02,
       1.1547384069975299e+03, 5.5716816032805048e+02,
       1.2261149225293109e+03, 5.6567313964798188e+02,
       1.2942542396916547e+03, 5.7414816988278073e+02,
       1.3582521289584620e+03, 5.8160191712638880e+02,
       1.4191757730802531e+03, 5.8853598195580867e+02,
       3.0796013762258178e+02, 5.4686458212258185e+02,
       4.2536909782613395e+02, 5.5816955979834347e+02,
       5.3468434643432454e+02, 5.6806214608032042e+02,
       6.3715599733624083e+02, 5.7751402066925880e+02,
       7.3400886690107745e+02, 5.8550090312734324e+02,
       8.2599863908652765e+02, 5.9549983464682828e+02,
       9.1343033665912367e+02, 6.0399277791882969e+02,
       9.9666641798996773e+02, 6.1146731731720399e+02,
       1.0746378327101354e+03, 6.1941458303222453e+02,
       1.1498041626993113e+03, 6.2683212928480793e+02,
       1.2211882287286917e+03, 6.3421954967544184e+02,
       1.2888437301219869e+03, 6.4108446594535701e+02,
       1.3533365199723116e+03, 6.4644478936661039e+02,
       1.4162105265679011e+03, 6.5278333992270166e+02,
       2.9572611390956564e+02, 6.3860139138959926e+02,
       4.1503960928143647e+02, 6.4521146907326738e+02,
       5.2479302533647024e+02, 6.5232112635787644e+02,
       6.2920861607206234e+02, 6.5941414166084769e+02,
       7.2702702813686415e+02, 6.6596997321245954e+02,
       8.1849294424217999e+02, 6.7247673865130378e+02,
       9.0690725816851659e+02, 6.7942788794207013e+02,
       9.8913831288490496e+02, 6.8582540081919717e+02,
       1.0690943333260689e+03, 6.9167061575860782e+02,
       1.1442629403967499e+03, 6.9647996031238301e+02,
       1.2156510701005527e+03, 7.0274912523124476e+02,
       1.2852735282526580e+03, 7.0849448549866281e+02,
       1.3492872129774416e+03, 7.1275373159142521e+02,
       1.4121760540063640e+03, 7.1750845548507232e+02,
       2.8419772600455866e+02, 7.2873629431690313e+02,
       4.0441205645768787e+02, 7.3362067056540161e+02,
       5.1499903049669854e+02, 7.3902470510432511e+02,
       6.1986260352135025e+02, 7.4268534656238569e+02,
       7.1908917478325463e+02, 7.4781395857674806e+02,
       8.1170437873314029e+02, 7.5109082052985241e+02,
       9.0033921817281418e+02, 7.5575190412623454e+02,
       9.8352592282264709e+02, 7.6007867051629808e+02,
       1.0639479183968729e+03, 7.6482500255061836e+02,
       1.1386091397223338e+03, 7.6803206670133818e+02,
       1.2114774635531244e+03, 7.7119986577929296e+02,
       1.2806197479308557e+03, 7.7485068185261957e+02,
       1.3456266318972012e+03, 7.7851011274069208e+02,
       1.4085456001113810e+03, 7.8120038740106827e+02 ]
PROJ_PTS: !!opencv-matrix
   rows: 112
   cols: 2
   dt: d
   data: [ 125., 95., 200., 95., 275., 95., 350., 95., 425., 95., 500.,
       95., 575., 95., 650., 95., 725., 95., 800., 95., 875., 95., 950.,
       95., 1025., 95., 1100., 95., 125., 170., 200., 170., 275., 170.,
       350., 170., 425., 170., 500., 170., 575., 170., 650., 170., 725.,
       170., 800., 170., 875., 170., 950., 170., 1025., 170., 1100.,
       170., 125., 245., 200., 245., 275., 245., 350., 245., 425., 245.,
       500., 245., 575., 245., 650., 245., 725., 245., 800., 245., 875.,
       245., 950., 245., 1025., 245., 1100., 245., 125., 320., 200.,
       320., 275., 320., 350., 320., 425., 320., 500., 320., 575., 320.,
       650., 320., 725., 320., 800., 320., 875., 320., 950., 320., 1025.,
       320., 1100., 320., 125., 395., 200., 395., 275., 395., 350., 395.,
       425., 395., 500., 395., 575., 395., 650., 395., 725., 395., 800.,
       395., 875., 395., 950., 395., 1025., 395., 1100., 395., 125.,
       470., 200., 470., 275., 470., 350., 470., 425., 470., 500., 470.,
       575., 470., 650., 470., 725., 470., 800., 470., 875., 470., 950.,
       470., 1025., 470., 1100., 470., 125., 545., 200., 545., 275.,
       545., 350., 545., 425., 545., 500., 545., 575., 545., 650., 545.,
       725., 545., 800., 545., 875., 545., 950., 545., 1025., 545.,
       1100., 545., 125., 620., 200., 620., 275., 620., 350., 620., 425.,
       620., 500., 620., 575., 620., 650., 620., 725., 620., 800., 620.,
       875., 620., 950., 620., 1025., 620., 1100., 620. ]
