%YAML:1.0
CAM_PTS: !!opencv-matrix
   rows: 112
   cols: 2
   dt: d
   data: [ 3.0409221467935589e+02, 1.5246138097948352e+02,
       3.9693308631814767e+02, 1.5691670264036782e+02,
       5.0652845726637565e+02, 1.6574614431268947e+02,
       5.9647026364175576e+02, 1.7212291054713904e+02,
       6.9264329419553087e+02, 1.8160317331368935e+02,
       7.7710100011704492e+02, 1.8344478007957605e+02,
       8.6010608913106228e+02, 1.8989239695523798e+02,
       9.3957624542681106e+02, 1.9551278585750788e+02,
       1.0169229679930677e+03, 2.0126098709557340e+02,
       1.0901137036813902e+03, 2.0610625941579912e+02,
       1.1611217528612538e+03, 2.1149741520749387e+02,
       1.2294588745340461e+03, 2.1641234283441077e+02,
       1.2937005343702704e+03, 2.2179172254601144e+02,
       1.3582995160334949e+03, 2.2616278498022723e+02,
       3.0741641244740401e+02, 2.3645369828793781e+02,
       4.1289815336473191e+02, 2.4112542869261949e+02,
       5.1294877969552840e+02, 2.4788365669963878e+02,
       6.0849893226880374e+02, 2.5323765292155372e+02,
       6.9793031479758906e+02, 2.5799488759609983e+02,
       7.8404036086231588e+02, 2.6233928282353111e+02,
       8.6714783574265448e+02, 2.6683757573433729e+02,
       9.4579334170723462e+02, 2.7148991366045851e+02,
       1.0235261484422750e+03, 2.7436910335063737e+02,
       1.0959816031246744e+03, 2.7958525302218305e+02,
       1.1675039031152278e+03, 2.8347149873093207e+02,
       1.2353371380824253e+03, 2.8637879483100761e+02,
       1.2995409636117788e+03, 2.8975924277540236e+02,
       1.3631053933856779e+03, 2.9262192088482419e+02,
       3.1614543235550701e+02, 3.2459593520691948e+02,
       4.2170224947925055e+02, 3.2890694805955644e+02,
       5.1943824477921635e+02, 3.3194896611260594e+02,
       6.1542821644486946e+02, 3.3625061013159484e+02,
       7.0621248853456530e+02, 3.3786223158185123e+02,
       7.9100718495008084e+02, 3.4110885773464634e+02,
       8.7399415125626729e+02, 3.4462350582627107e+02,
       9.5148825523107371e+02, 3.4629692991078485e+02,
       1.0284988254171569e+03, 3.4903548008962571e+02,
       1.0995499014547427e+03, 3.5099720175552136e+02,
       1.1718469747753361e+03, 3.5367049486790381e+02,
       1.2391876480608976e+03, 3.5552154837919761e+02,
       1.3038637615342195e+03, 3.5884462508869120e+02,
       1.3664016623747784e+03, 3.5917913657826102e+02,
       3.2653659945951813e+02, 4.1529056941982174e+02,
       4.2867848479057972e+02, 4.1455590000524836e+02,
       5.2649448537973467e+02, 4.1525438234134435e+02,
       6.2240527037763741e+02, 4.1833189067201016e+02,
       7.1161926592103566e+02, 4.1875036394508862e+02,
       7.9699644624689336e+02, 4.1970140825719182e+02,
       8.7987582979416140e+02, 4.2074694621970980e+02,
       9.5764417724129657e+02, 4.2186899116835110e+02,
       1.0342056437664914e+03, 4.2255895525699947e+02,
       1.1070285948292394e+03, 4.2378874700101829e+02,
       1.1770933809824026e+03, 4.2405249102617915e+02,
       1.2454091399388153e+03, 4.2532265143357233e+02,
       1.3100529946411111e+03, 4.2658186174550997e+02,
       1.3720729506218549e+03, 4.2732637102887713e+02,
       3.3284221202288728e+02, 5.0309969688238886e+02,
       4.3507021318499466e+02, 4.9940191182464446e+02,
       5.3476091203404326e+02, 4.9827398896385455e+02,
       6.2994039549200352e+02, 4.9836377629845913e+02,
       7.2002751558133468e+02, 4.9778269798762813e+02,
       8.0579825163225814e+02, 4.9659958137272167e+02,
       8.8543678158243199e+02, 4.9756499385036091e+02,
       9.6374437864884135e+02, 4.9614372959522291e+02,
       1.0403321479392216e+03, 4.9625847026078202e+02,
       1.1121731926488740e+03, 4.9540114170428541e+02,
       1.1832246394169542e+03, 4.9506432642929229e+02,
       1.2500517909830976e+03, 4.9473241367297970e+02,
       1.3146748779929035e+03, 4.9440075636043224e+02,
       1.3776442978245022e+03, 4.9406217076840380e+02,
       3.4076916025598069e+02, 5.8951509365596144e+02,
       4.4509046466680405e+02, 5.8552771684567301e+02,
       5.4249705230343670e+02, 5.8361339709088065e+02,
       6.3535946401658771e+02, 5.8100586524577420e+02,
       7.2501385182020431e+02, 5.7800273317193091e+02,
       8.0999967377460450e+02, 5.7600031749299114e+02,
       8.9245995713608886e+02, 5.7350735842653569e+02,
       9.6978003705521030e+02, 5.7152512487317949e+02,
       1.0458710200794399e+03, 5.6955506193669339e+02,
       1.1177251451997868e+03, 5.6766533156122432e+02,
       1.1882536331465935e+03, 5.6564789797764831e+02,
       1.2555564286379911e+03, 5.6370813435067078e+02,
       1.3196725982218757e+03, 5.6276485161149344e+02,
       1.3816486216968315e+03, 5.6083259792435729e+02,
       3.4822194091656235e+02, 6.7688360073254580e+02,
       4.5207675608386074e+02, 6.7212864216083574e+02,
       5.4886166206198016e+02, 6.6779173864977395e+02,
       6.4301191115118866e+02, 6.6342367006465201e+02,
       7.3202045817818976e+02, 6.5747824450843541e+02,
       8.1644881596902974e+02, 6.5301485063101313e+02,
       8.9794060552282849e+02, 6.4946694922104132e+02,
       9.7573962493084446e+02, 6.4592220002259705e+02,
       1.0513106950156412e+03, 6.4286271289821036e+02,
       1.1236197381430077e+03, 6.3930031155548238e+02,
       1.1931592652870681e+03, 6.3623830173211047e+02,
       1.2594665398155837e+03, 6.3268817196144789e+02,
       1.3245505604812033e+03, 6.2964517572346745e+02,
       1.3860312548253369e+03, 6.2760668427162636e+02,
       3.5488422208157556e+02, 7.6466614229800643e+02,
       4.5789409147528477e+02, 7.5984423013072251e+02,
       5.5675547433428460e+02, 7.4995772418449144e+02,
       6.5082483779670542e+02, 7.4485070499073322e+02,
       7.3865392775051362e+02, 7.3773702923637325e+02,
       8.2297640790994546e+02, 7.3138633864632811e+02,
       9.0436795139472417e+02, 7.2534005030570870e+02,
       9.8327626491315289e+02, 7.2248457292882063e+02,
       1.0576402407128155e+03, 7.1559571734394899e+02,
       1.1294164537709189e+03, 7.1043904168435972e+02,
       1.1989244000035312e+03, 7.0676756847522654e+02,
       1.2657024538627854e+03, 7.0211044053084436e+02,
       1.3293071885742584e+03, 6.9791266373840847e+02,
       1.3912830580721054e+03, 6.9385026610072509e+02 ]
PROJ_PTS: !!opencv-matrix
   rows: 112
   cols: 2
   dt: d
   data: [ 125., 95., 200., 95., 275., 95., 350., 95., 425., 95., 500.,
       95., 575., 95., 650., 95., 725., 95., 800., 95., 875., 95., 950.,
       95., 1025., 95., 1100., 95., 125., 170., 200., 170., 275., 170.,
       350., 170., 425., 170., 500., 170., 575., 170., 650., 170., 725.,
       170., 800., 170., 875., 170., 950., 170., 1025., 170., 1100.,
       170., 125., 245., 200., 245., 275., 245., 350., 245., 425., 245.,
       500., 245., 575., 245., 650., 245., 725., 245., 800., 245., 875.,
       245., 950., 245., 1025., 245., 1100., 245., 125., 320., 200.,
       320., 275., 320., 350., 320., 425., 320., 500., 320., 575., 320.,
       650., 320., 725., 320., 800., 320., 875., 320., 950., 320., 1025.,
       320., 1100., 320., 125., 395., 200., 395., 275., 395., 350., 395.,
       425., 395., 500., 395., 575., 395., 650., 395., 725., 395., 800.,
       395., 875., 395., 950., 395., 1025., 395., 1100., 395., 125.,
       470., 200., 470., 275., 470., 350., 470., 425., 470., 500., 470.,
       575., 470., 650., 470., 725., 470., 800., 470., 875., 470., 950.,
       470., 1025., 470., 1100., 470., 125., 545., 200., 545., 275.,
       545., 350., 545., 425., 545., 500., 545., 575., 545., 650., 545.,
       725., 545., 800., 545., 875., 545., 950., 545., 1025., 545.,
       1100., 545., 125., 620., 200., 620., 275., 620., 350., 620., 425.,
       620., 500., 620., 575., 620., 650., 620., 725., 620., 800., 620.,
       875., 620., 950., 620., 1025., 620., 1100., 620. ]
