%YAML:1.0
CAM_PTS: !!opencv-matrix
   rows: 112
   cols: 2
   dt: d
   data: [ 3.4330894591067113e+02, 1.5217672663981239e+02,
       4.2774970300511745e+02, 1.5744543564280838e+02,
       5.2825325273873591e+02, 1.6561248885748080e+02,
       6.1332241225249413e+02, 1.6958945547485507e+02,
       6.9761837687446905e+02, 1.7765688749101002e+02,
       7.7809423653627312e+02, 1.8541215075741474e+02,
       8.5663077849367676e+02, 1.9185524069847554e+02,
       9.3115454785758652e+02, 1.9991384271950477e+02,
       1.0030746208040193e+03, 2.0463772661002508e+02,
       1.0723682153978314e+03, 2.1141121437316474e+02,
       1.1390113145701232e+03, 2.1823402997269261e+02,
       1.2029983346152421e+03, 2.2360028201700237e+02,
       1.2658335446939723e+03, 2.2897047220314880e+02,
       1.3260813501817370e+03, 2.3430988559868990e+02,
       3.4128991899308284e+02, 2.2784907439621065e+02,
       4.3804641119801528e+02, 2.3406036534016391e+02,
       5.2979452077270889e+02, 2.4137913119248657e+02,
       6.1795266670233559e+02, 2.4885516531419262e+02,
       7.0191939302718538e+02, 2.5354038515582334e+02,
       7.8254709023005660e+02, 2.5986838284411357e+02,
       8.5922952519926719e+02, 2.6535205914369521e+02,
       9.3196833497303885e+02, 2.7011559782946404e+02,
       1.0058215270992960e+03, 2.7571537808052307e+02,
       1.0757267504768299e+03, 2.8095505894888527e+02,
       1.1419026420938360e+03, 2.8528667628828549e+02,
       1.2068864537896166e+03, 2.9013819802073954e+02,
       1.2691395190108276e+03, 2.9524540412800047e+02,
       1.3294267530492971e+03, 2.9832640485554487e+02,
       3.4613026468352723e+02, 3.1059174608329209e+02,
       4.4296018426382409e+02, 3.1593221097300670e+02,
       5.3384500337585746e+02, 3.2139718674850496e+02,
       6.2264715953407085e+02, 3.2600333983713836e+02,
       7.0625514621173693e+02, 3.3075881873273357e+02,
       7.8651900695918835e+02, 3.3465605977222964e+02,
       8.6331590789802874e+02, 3.3867140226337312e+02,
       9.3804412058622972e+02, 3.4278728011482974e+02,
       1.0111174514081436e+03, 3.4500224219294972e+02,
       1.0790332820582346e+03, 3.4974441315412986e+02,
       1.1467188835164131e+03, 3.5353948167692187e+02,
       1.2102331274468354e+03, 3.5783464168550836e+02,
       1.2725485875978491e+03, 3.6064819582523410e+02,
       1.3317550652163077e+03, 3.6393213079967614e+02,
       3.5348492357687587e+02, 3.9519435770953788e+02,
       4.4798268162887865e+02, 3.9711456416195779e+02,
       5.3848427911222257e+02, 4.0073536947957939e+02,
       6.2682431384453002e+02, 4.0295816807796274e+02,
       7.1063486555818076e+02, 4.0679910919415448e+02,
       7.9050454908081588e+02, 4.0923986063969375e+02,
       8.6788919676624050e+02, 4.1127029673547622e+02,
       9.4119406373586764e+02, 4.1436829175103554e+02,
       1.0119734997146279e+03, 4.1526083369089179e+02,
       1.0812864271274884e+03, 4.1922808244248688e+02,
       1.1475080585538587e+03, 4.1996705613222150e+02,
       1.2129983456426412e+03, 4.2320630024303347e+02,
       1.2743271056171550e+03, 4.2544345772888613e+02,
       1.3344888343468865e+03, 4.2717652790053091e+02,
       3.5664209037727375e+02, 4.7632826480669428e+02,
       4.5215178071293013e+02, 4.7705357399306740e+02,
       5.4406427158974031e+02, 4.8003761667008740e+02,
       6.3125079043704375e+02, 4.8017175706936951e+02,
       7.1455823172896169e+02, 4.8208032182956526e+02,
       7.9499951003761487e+02, 4.8305132706284405e+02,
       8.7094602190918988e+02, 4.8407539837954710e+02,
       9.4479560500941739e+02, 4.8514426975391052e+02,
       1.0169699488607710e+03, 4.8625041683473756e+02,
       1.0859303677049793e+03, 4.8738183449723590e+02,
       1.1531444427001979e+03, 4.8704020249863942e+02,
       1.2166582918101537e+03, 4.8968520643878111e+02,
       1.2774835847227250e+03, 4.9034117976741823e+02,
       1.3376765501234249e+03, 4.9153678890385004e+02,
       3.6139828914589526e+02, 5.5822367950419903e+02,
       4.5695480664920922e+02, 5.5814445405880110e+02,
       5.4802592368228136e+02, 5.5778811531238853e+02,
       6.3566719370209921e+02, 5.5600259187386882e+02,
       7.1855187579704261e+02, 5.5704376801139597e+02,
       7.9799979631222345e+02, 5.5650177146380906e+02,
       8.7447470168631992e+02, 5.5601118507037233e+02,
       9.4834436393306373e+02, 5.5553636433690849e+02,
       1.0205310026753665e+03, 5.5607355555361846e+02,
       1.0889999805791308e+03, 5.5562197196293891e+02,
       1.1532559518086227e+03, 5.5418166921115346e+02,
       1.2187383580034916e+03, 5.5573323361068321e+02,
       1.2810273853298968e+03, 5.5628807376911777e+02,
       1.3401799894539495e+03, 5.5535310827995897e+02,
       3.6632736194029775e+02, 6.4117229675081887e+02,
       4.6190801232285918e+02, 6.3879989024539998e+02,
       5.5314443017820622e+02, 6.3497712787946409e+02,
       6.4015745186039521e+02, 6.3495562426249546e+02,
       7.2351871949537212e+02, 6.3148940202387018e+02,
       8.0349935170949425e+02, 6.3149728818235064e+02,
       8.7897041896897463e+02, 6.2848716650586834e+02,
       9.5133609302480909e+02, 6.2646369655482681e+02,
       1.0235143090653557e+03, 6.2492949629778036e+02,
       1.0919737232788079e+03, 6.2388883076829120e+02,
       1.1586874438253460e+03, 6.2184970635580146e+02,
       1.2216921330566206e+03, 6.2031156929601059e+02,
       1.2834807812699198e+03, 6.2026470780557372e+02,
       1.3436045300847429e+03, 6.1873371943230529e+02,
       3.6995040621781408e+02, 7.2258859484488255e+02,
       4.6373645851356679e+02, 7.2062739168759720e+02,
       5.5652972842661575e+02, 7.1454661503308466e+02,
       6.4399291332760004e+02, 7.1023297035478163e+02,
       7.2654817027967965e+02, 7.0691760713835242e+02,
       8.0449457749270846e+02, 7.0444190236879285e+02,
       8.8243031737593662e+02, 7.0041429642583398e+02,
       9.5576860052491065e+02, 6.9740177032079441e+02,
       1.0274085014886582e+03, 6.9423995208248380e+02,
       1.0953454287013219e+03, 6.9161687194351612e+02,
       1.1615434260569223e+03, 6.8947904441786068e+02,
       1.2260083641199458e+03, 6.8684057182127913e+02,
       1.2872963394039916e+03, 6.8421093177445027e+02,
       1.3469272028791447e+03, 6.8208813170842359e+02 ]
PROJ_PTS: !!opencv-matrix
   rows: 112
   cols: 2
   dt: d
   data: [ 125., 95., 200., 95., 275., 95., 350., 95., 425., 95., 500.,
       95., 575., 95., 650., 95., 725., 95., 800., 95., 875., 95., 950.,
       95., 1025., 95., 1100., 95., 125., 170., 200., 170., 275., 170.,
       350., 170., 425., 170., 500., 170., 575., 170., 650., 170., 725.,
       170., 800., 170., 875., 170., 950., 170., 1025., 170., 1100.,
       170., 125., 245., 200., 245., 275., 245., 350., 245., 425., 245.,
       500., 245., 575., 245., 650., 245., 725., 245., 800., 245., 875.,
       245., 950., 245., 1025., 245., 1100., 245., 125., 320., 200.,
       320., 275., 320., 350., 320., 425., 320., 500., 320., 575., 320.,
       650., 320., 725., 320., 800., 320., 875., 320., 950., 320., 1025.,
       320., 1100., 320., 125., 395., 200., 395., 275., 395., 350., 395.,
       425., 395., 500., 395., 575., 395., 650., 395., 725., 395., 800.,
       395., 875., 395., 950., 395., 1025., 395., 1100., 395., 125.,
       470., 200., 470., 275., 470., 350., 470., 425., 470., 500., 470.,
       575., 470., 650., 470., 725., 470., 800., 470., 875., 470., 950.,
       470., 1025., 470., 1100., 470., 125., 545., 200., 545., 275.,
       545., 350., 545., 425., 545., 500., 545., 575., 545., 650., 545.,
       725., 545., 800., 545., 875., 545., 950., 545., 1025., 545.,
       1100., 545., 125., 620., 200., 620., 275., 620., 350., 620., 425.,
       620., 500., 620., 575., 620., 650., 620., 725., 620., 800., 620.,
       875., 620., 950., 620., 1025., 620., 1100., 620. ]
