<?xml version="1.0"?>
<opencv_storage>
<cam_reprojected_coordinates type_id="opencv-matrix">
  <rows>3</rows>
  <cols>4</cols>
  <dt>d</dt>
  <data>
    4.2519862074104879e+02 9.8525431566948373e+02 3.3299945305559061e+02
    8.9302964647031513e+02 4.5318475683995126e+02 4.4657944330410771e+02
    8.5001627811016795e+02 9.2792461835986182e+02 1. 1. 1. 1.</data></cam_reprojected_coordinates>
</opencv_storage>
