...
---
CAM_PTS: !!opencv-matrix
   rows: 80
   cols: 2
   dt: d
   data: [ 5.3334637451171875e+02, 8.0676422119140625e+02,
       5.6822583007812500e+02, 7.9875262451171875e+02,
       6.0455603027343750e+02, 7.9048632812500000e+02,
       6.4136401367187500e+02, 7.8215234375000000e+02,
       6.7985192871093750e+02, 7.7331225585937500e+02,
       7.1890533447265625e+02, 7.6425079345703125e+02,
       7.5970379638671875e+02, 7.5468737792968750e+02,
       8.0131390380859375e+02, 7.4510272216796875e+02,
       8.4528851318359375e+02, 7.3374285888671875e+02,
       8.8534045410156250e+02, 7.2859411621093750e+02,
       5.3364373779296875e+02, 8.4554626464843750e+02,
       5.6932904052734375e+02, 8.3806201171875000e+02,
       6.0520904541015625e+02, 8.3024713134765625e+02,
       6.4286761474609375e+02, 8.2213555908203125e+02,
       6.8080743408203125e+02, 8.1397497558593750e+02,
       7.2038049316406250e+02, 8.0537835693359375e+02,
       7.6070977783203125e+02, 7.9662780761718750e+02,
       8.0303820800781250e+02, 7.8754144287109375e+02,
       8.4615179443359375e+02, 7.7840185546875000e+02,
       8.9101733398437500e+02, 7.6869799804687500e+02,
       5.3438330078125000e+02, 8.8428460693359375e+02,
       5.6946667480468750e+02, 8.7745251464843750e+02,
       6.0621301269531250e+02, 8.7022827148437500e+02,
       6.4352752685546875e+02, 8.6252935791015625e+02,
       6.8236749267578125e+02, 8.5471289062500000e+02,
       7.2190917968750000e+02, 8.4666418457031250e+02,
       7.6259899902343750e+02, 8.3869226074218750e+02,
       8.0441973876953125e+02, 8.3054644775390625e+02,
       8.4781933593750000e+02, 8.2174450683593750e+02,
       8.9267169189453125e+02, 8.1311364746093750e+02,
       5.3490399169921875e+02, 9.2373803710937500e+02,
       5.7032153320312500e+02, 9.1693041992187500e+02,
       6.0664941406250000e+02, 9.1042871093750000e+02,
       6.4445996093750000e+02, 9.0344177246093750e+02,
       6.8301037597656250e+02, 8.9640069580078125e+02,
       7.2278503417968750e+02, 8.8873095703125000e+02,
       7.6371301269531250e+02, 8.8121197509765625e+02,
       8.0638421630859375e+02, 8.7351416015625000e+02,
       8.4960034179687500e+02, 8.6545013427734375e+02,
       8.9483734130859375e+02, 8.5753387451171875e+02,
       5.3554284667968750e+02, 9.6299206542968750e+02,
       5.7126367187500000e+02, 9.5667852783203125e+02,
       6.0744097900390625e+02, 9.5095361328125000e+02,
       6.4502758789062500e+02, 9.4463861083984375e+02,
       6.8373284912109375e+02, 9.3809790039062500e+02,
       7.2373510742187500e+02, 9.3111962890625000e+02,
       7.6512597656250000e+02, 9.2426080322265625e+02,
       8.0820336914062500e+02, 9.1698345947265625e+02,
       8.5163433837890625e+02, 9.1002838134765625e+02,
       8.9678814697265625e+02, 9.0258898925781250e+02,
       5.3560485839843750e+02, 1.0027437744140625e+03,
       5.7117260742187500e+02, 9.9761676025390625e+02,
       6.0781079101562500e+02, 9.9229260253906250e+02,
       6.4592102050781250e+02, 9.8606982421875000e+02,
       6.8457232666015625e+02, 9.8030517578125000e+02,
       7.2492633056640625e+02, 9.7412512207031250e+02,
       7.6650195312500000e+02, 9.6741448974609375e+02,
       8.0945001220703125e+02, 9.6102160644531250e+02,
       8.5328753662109375e+02, 9.5468731689453125e+02,
       8.9893572998046875e+02, 9.4809393310546875e+02,
       5.3627691650390625e+02, 1.0432677001953125e+03,
       5.7192968750000000e+02, 1.0384008789062500e+03,
       6.0861975097656250e+02, 1.0333613281250000e+03,
       6.4660479736328125e+02, 1.0281798095703125e+03,
       6.8566131591796875e+02, 1.0223497314453125e+03,
       7.2626245117187500e+02, 1.0168599243164062e+03,
       7.6824035644531250e+02, 1.0112182006835938e+03,
       8.1082391357421875e+02, 1.0050100708007812e+03,
       8.5519628906250000e+02, 9.9986914062500000e+02,
       9.0096209716796875e+02, 9.9332159423828125e+02,
       5.3642333984375000e+02, 1.0833562011718750e+03,
       5.7218835449218750e+02, 1.0792617187500000e+03,
       6.0915808105468750e+02, 1.0746716308593750e+03,
       6.4754858398437500e+02, 1.0696772460937500e+03,
       6.8665240478515625e+02, 1.0649970703125000e+03,
       7.2745147705078125e+02, 1.0600145263671875e+03,
       7.6947479248046875e+02, 1.0549241943359375e+03,
       8.1271118164062500e+02, 1.0499707031250000e+03,
       8.5700811767578125e+02, 1.0451020507812500e+03,
       9.0319036865234375e+02, 1.0400795898437500e+03 ]
PROJ_PTS: !!opencv-matrix
   rows: 80
   cols: 2
   dt: d
   data: [ 175., 122., 250., 122., 325., 122., 400., 122., 475., 122.,
       550., 122., 625., 122., 700., 122., 775., 122., 850., 122., 175.,
       197., 250., 197., 325., 197., 400., 197., 475., 197., 550., 197.,
       625., 197., 700., 197., 775., 197., 850., 197., 175., 272., 250.,
       272., 325., 272., 400., 272., 475., 272., 550., 272., 625., 272.,
       700., 272., 775., 272., 850., 272., 175., 347., 250., 347., 325.,
       347., 400., 347., 475., 347., 550., 347., 625., 347., 700., 347.,
       775., 347., 850., 347., 175., 422., 250., 422., 325., 422., 400.,
       422., 475., 422., 550., 422., 625., 422., 700., 422., 775., 422.,
       850., 422., 175., 497., 250., 497., 325., 497., 400., 497., 475.,
       497., 550., 497., 625., 497., 700., 497., 775., 497., 850., 497.,
       175., 572., 250., 572., 325., 572., 400., 572., 475., 572., 550.,
       572., 625., 572., 700., 572., 775., 572., 850., 572., 175., 647.,
       250., 647., 325., 647., 400., 647., 475., 647., 550., 647., 625.,
       647., 700., 647., 775., 647., 850., 647. ]
