...
---
CAM_PTS: !!opencv-matrix
   rows: 80
   cols: 2
   dt: d
   data: [ 4.9633560180664062e+02, 6.4691436767578125e+02,
       5.4025866699218750e+02, 6.4548120117187500e+02,
       5.8369915771484375e+02, 6.4402319335937500e+02,
       6.2646905517578125e+02, 6.4268859863281250e+02,
       6.6934936523437500e+02, 6.4128222656250000e+02,
       7.1159185791015625e+02, 6.4010302734375000e+02,
       7.5398266601562500e+02, 6.3826934814453125e+02,
       7.9575469970703125e+02, 6.3696575927734375e+02,
       8.3748388671875000e+02, 6.3561889648437500e+02,
       8.7917913818359375e+02, 6.3416308593750000e+02,
       4.9644204711914062e+02, 6.9059375000000000e+02,
       5.4047717285156250e+02, 6.8907904052734375e+02,
       5.8413281250000000e+02, 6.8765435791015625e+02,
       6.2747540283203125e+02, 6.8591796875000000e+02,
       6.7018786621093750e+02, 6.8446514892578125e+02,
       7.1323376464843750e+02, 6.8306011962890625e+02,
       7.5526257324218750e+02, 6.8143682861328125e+02,
       7.9745166015625000e+02, 6.8006042480468750e+02,
       8.3937719726562500e+02, 6.7798321533203125e+02,
       8.8130828857421875e+02, 6.7657257080078125e+02,
       4.9654898071289062e+02, 7.3511718750000000e+02,
       5.4087597656250000e+02, 7.3352893066406250e+02,
       5.8482226562500000e+02, 7.3190533447265625e+02,
       6.2806036376953125e+02, 7.2987377929687500e+02,
       6.7140313720703125e+02, 7.2819030761718750e+02,
       7.1423504638671875e+02, 7.2657037353515625e+02,
       7.5716430664062500e+02, 7.2494976806640625e+02,
       7.9908996582031250e+02, 7.2317102050781250e+02,
       8.4146759033203125e+02, 7.2160302734375000e+02,
       8.8351593017578125e+02, 7.2013079833984375e+02,
       4.9650418090820312e+02, 7.8006146240234375e+02,
       5.4113110351562500e+02, 7.7801141357421875e+02,
       5.8502880859375000e+02, 7.7611163330078125e+02,
       6.2904022216796875e+02, 7.7424945068359375e+02,
       6.7232855224609375e+02, 7.7255438232421875e+02,
       7.1553363037109375e+02, 7.7087933349609375e+02,
       7.5828289794921875e+02, 7.6902294921875000e+02,
       8.0107574462890625e+02, 7.6712609863281250e+02,
       8.4346289062500000e+02, 7.6532769775390625e+02,
       8.8585742187500000e+02, 7.6377099609375000e+02,
       4.9642349243164062e+02, 8.2560827636718750e+02,
       5.4116772460937500e+02, 8.2359472656250000e+02,
       5.8595043945312500e+02, 8.2156842041015625e+02,
       6.2973950195312500e+02, 8.1959289550781250e+02,
       6.7348693847656250e+02, 8.1756311035156250e+02,
       7.1679956054687500e+02, 8.1557635498046875e+02,
       7.5996649169921875e+02, 8.1376068115234375e+02,
       8.0315502929687500e+02, 8.1175390625000000e+02,
       8.4553845214843750e+02, 8.1007275390625000e+02,
       8.8834722900390625e+02, 8.0809637451171875e+02,
       4.9625985717773438e+02, 8.7155603027343750e+02,
       5.4143572998046875e+02, 8.6951416015625000e+02,
       5.8621325683593750e+02, 8.6751226806640625e+02,
       6.3056451416015625e+02, 8.6514099121093750e+02,
       6.7445819091796875e+02, 8.6303863525390625e+02,
       7.1821697998046875e+02, 8.6114038085937500e+02,
       7.6138299560546875e+02, 8.5891625976562500e+02,
       8.0464385986328125e+02, 8.5695477294921875e+02,
       8.4776147460937500e+02, 8.5486676025390625e+02,
       8.9063726806640625e+02, 8.5292425537109375e+02,
       4.9607028198242188e+02, 9.1860522460937500e+02,
       5.4151458740234375e+02, 9.1623657226562500e+02,
       5.8655584716796875e+02, 9.1393566894531250e+02,
       6.3115124511718750e+02, 9.1161553955078125e+02,
       6.7550915527343750e+02, 9.0914923095703125e+02,
       7.1941027832031250e+02, 9.0704272460937500e+02,
       7.6324847412109375e+02, 9.0490295410156250e+02,
       8.0653967285156250e+02, 9.0254541015625000e+02,
       8.4997131347656250e+02, 9.0034155273437500e+02,
       8.9309967041015625e+02, 8.9830981445312500e+02,
       4.9577096557617188e+02, 9.6619958496093750e+02,
       5.4168151855468750e+02, 9.6381433105468750e+02,
       5.8695379638671875e+02, 9.6129559326171875e+02,
       6.3185888671875000e+02, 9.5851824951171875e+02,
       6.7638354492187500e+02, 9.5592443847656250e+02,
       7.2058178710937500e+02, 9.5390838623046875e+02,
       7.6470263671875000e+02, 9.5156927490234375e+02,
       8.0853448486328125e+02, 9.4906567382812500e+02,
       8.5200274658203125e+02, 9.4674578857421875e+02,
       8.9566052246093750e+02, 9.4480175781250000e+02 ]
PROJ_PTS: !!opencv-matrix
   rows: 80
   cols: 2
   dt: d
   data: [ 175., 122., 250., 122., 325., 122., 400., 122., 475., 122.,
       550., 122., 625., 122., 700., 122., 775., 122., 850., 122., 175.,
       197., 250., 197., 325., 197., 400., 197., 475., 197., 550., 197.,
       625., 197., 700., 197., 775., 197., 850., 197., 175., 272., 250.,
       272., 325., 272., 400., 272., 475., 272., 550., 272., 625., 272.,
       700., 272., 775., 272., 850., 272., 175., 347., 250., 347., 325.,
       347., 400., 347., 475., 347., 550., 347., 625., 347., 700., 347.,
       775., 347., 850., 347., 175., 422., 250., 422., 325., 422., 400.,
       422., 475., 422., 550., 422., 625., 422., 700., 422., 775., 422.,
       850., 422., 175., 497., 250., 497., 325., 497., 400., 497., 475.,
       497., 550., 497., 625., 497., 700., 497., 775., 497., 850., 497.,
       175., 572., 250., 572., 325., 572., 400., 572., 475., 572., 550.,
       572., 625., 572., 700., 572., 775., 572., 850., 572., 175., 647.,
       250., 647., 325., 647., 400., 647., 475., 647., 550., 647., 625.,
       647., 700., 647., 775., 647., 850., 647. ]
