...
---
CAM_PTS: !!opencv-matrix
   rows: 80
   cols: 2
   dt: d
   data: [ 9.8822715759277344e+01, 5.4282916259765625e+02,
       1.5465171813964844e+02, 5.4381152343750000e+02,
       2.0843061828613281e+02, 5.4484600830078125e+02,
       2.6025445556640625e+02, 5.4582348632812500e+02,
       3.1051620483398438e+02, 5.4665466308593750e+02,
       3.5886471557617188e+02, 5.4741619873046875e+02,
       4.0558258056640625e+02, 5.4811859130859375e+02,
       4.5081536865234375e+02, 5.4902282714843750e+02,
       4.9466506958007812e+02, 5.4999218750000000e+02,
       5.3668316650390625e+02, 5.5034356689453125e+02,
       1.0091785430908203e+02, 5.9041064453125000e+02,
       1.5702607727050781e+02, 5.9064697265625000e+02,
       2.1086102294921875e+02, 5.9064080810546875e+02,
       2.6325173950195312e+02, 5.9085540771484375e+02,
       3.1346917724609375e+02, 5.9093310546875000e+02,
       3.6227828979492188e+02, 5.9107830810546875e+02,
       4.0909750366210938e+02, 5.9090509033203125e+02,
       4.5450909423828125e+02, 5.9102246093750000e+02,
       4.9842871093750000e+02, 5.9091113281250000e+02,
       5.4083575439453125e+02, 5.9098889160156250e+02,
       1.0316669464111328e+02, 6.3870581054687500e+02,
       1.5921386718750000e+02, 6.3782604980468750e+02,
       2.1382125854492188e+02, 6.3724713134765625e+02,
       2.6588571166992188e+02, 6.3630877685546875e+02,
       3.1666403198242188e+02, 6.3572149658203125e+02,
       3.6529006958007812e+02, 6.3483197021484375e+02,
       4.1260662841796875e+02, 6.3401446533203125e+02,
       4.5811721801757812e+02, 6.3344799804687500e+02,
       5.0207110595703125e+02, 6.3268481445312500e+02,
       5.4462744140625000e+02, 6.3206787109375000e+02,
       1.0519322967529297e+02, 6.8742095947265625e+02,
       1.6168734741210938e+02, 6.8588568115234375e+02,
       2.1608372497558594e+02, 6.8396453857421875e+02,
       2.6870782470703125e+02, 6.8243389892578125e+02,
       3.1945544433593750e+02, 6.8068524169921875e+02,
       3.6872177124023438e+02, 6.7937078857421875e+02,
       4.1584503173828125e+02, 6.7762786865234375e+02,
       4.6155014038085938e+02, 6.7616339111328125e+02,
       5.0579333496093750e+02, 6.7473120117187500e+02,
       5.4857995605468750e+02, 6.7345593261718750e+02,
       1.0730240631103516e+02, 7.3674652099609375e+02,
       1.6389465332031250e+02, 7.3397290039062500e+02,
       2.1856358337402344e+02, 7.3158764648437500e+02,
       2.7151824951171875e+02, 7.2889813232421875e+02,
       3.2268405151367188e+02, 7.2648309326171875e+02,
       3.7173825073242188e+02, 7.2387231445312500e+02,
       4.1935455322265625e+02, 7.2176806640625000e+02,
       4.6487854003906250e+02, 7.1956280517578125e+02,
       5.0954135131835938e+02, 7.1747265625000000e+02,
       5.5228704833984375e+02, 7.1552954101562500e+02,
       1.0899315643310547e+02, 7.8652770996093750e+02,
       1.6629226684570312e+02, 7.8305792236328125e+02,
       2.2112200927734375e+02, 7.7956268310546875e+02,
       2.7447720336914062e+02, 7.7613238525390625e+02,
       3.2553826904296875e+02, 7.7264031982421875e+02,
       3.7508493041992188e+02, 7.6959381103515625e+02,
       4.2264346313476562e+02, 7.6633160400390625e+02,
       4.6872528076171875e+02, 7.6342547607421875e+02,
       5.1294592285156250e+02, 7.6048120117187500e+02,
       5.5641198730468750e+02, 7.5772680664062500e+02,
       1.1130319213867188e+02, 8.3702294921875000e+02,
       1.6847413635253906e+02, 8.3238269042968750e+02,
       2.2388214111328125e+02, 8.2816571044921875e+02,
       2.7696441650390625e+02, 8.2357208251953125e+02,
       3.2862448120117188e+02, 8.1946807861328125e+02,
       3.7808026123046875e+02, 8.1543518066406250e+02,
       4.2608901977539062e+02, 8.1151043701171875e+02,
       4.7232348632812500e+02, 8.0745605468750000e+02,
       5.1708856201171875e+02, 8.0395318603515625e+02,
       5.6015472412109375e+02, 8.0045330810546875e+02,
       1.1316129302978516e+02, 8.8781610107421875e+02,
       1.7082546997070312e+02, 8.8256622314453125e+02,
       2.2622456359863281e+02, 8.7737872314453125e+02,
       2.7973150634765625e+02, 8.7209350585937500e+02,
       3.3140408325195312e+02, 8.6692633056640625e+02,
       3.8157052612304688e+02, 8.6206140136718750e+02,
       4.2951586914062500e+02, 8.5722967529296875e+02,
       4.7584814453125000e+02, 8.5226947021484375e+02,
       5.2071624755859375e+02, 8.4783587646484375e+02,
       5.6435986328125000e+02, 8.4381530761718750e+02 ]
PROJ_PTS: !!opencv-matrix
   rows: 80
   cols: 2
   dt: d
   data: [ 175., 122., 250., 122., 325., 122., 400., 122., 475., 122.,
       550., 122., 625., 122., 700., 122., 775., 122., 850., 122., 175.,
       197., 250., 197., 325., 197., 400., 197., 475., 197., 550., 197.,
       625., 197., 700., 197., 775., 197., 850., 197., 175., 272., 250.,
       272., 325., 272., 400., 272., 475., 272., 550., 272., 625., 272.,
       700., 272., 775., 272., 850., 272., 175., 347., 250., 347., 325.,
       347., 400., 347., 475., 347., 550., 347., 625., 347., 700., 347.,
       775., 347., 850., 347., 175., 422., 250., 422., 325., 422., 400.,
       422., 475., 422., 550., 422., 625., 422., 700., 422., 775., 422.,
       850., 422., 175., 497., 250., 497., 325., 497., 400., 497., 475.,
       497., 550., 497., 625., 497., 700., 497., 775., 497., 850., 497.,
       175., 572., 250., 572., 325., 572., 400., 572., 475., 572., 550.,
       572., 625., 572., 700., 572., 775., 572., 850., 572., 175., 647.,
       250., 647., 325., 647., 400., 647., 475., 647., 550., 647., 625.,
       647., 700., 647., 775., 647., 850., 647. ]
