<?xml version="1.0"?>
<opencv_storage>
<proj_world_rot_vector_6 type_id="opencv-matrix">
  <rows>1</rows>
  <cols>3</cols>
  <dt>d</dt>
  <data>
    -1.6589472078535486e-01 -4.9504488711821881e-01
    3.7291006610762262e-02</data></proj_world_rot_vector_6>
</opencv_storage>
