<?xml version="1.0"?>
<opencv_storage>
<proj_world_rot_vector_2 type_id="opencv-matrix">
  <rows>1</rows>
  <cols>3</cols>
  <dt>d</dt>
  <data>
    -3.2921586335579378e-01 -3.1480922042714321e-01
    -1.4782831292627554e-02</data></proj_world_rot_vector_2>
</opencv_storage>
