<?xml version="1.0"?>
<opencv_storage>
<proj_world_rot_vector_16 type_id="opencv-matrix">
  <rows>1</rows>
  <cols>3</cols>
  <dt>d</dt>
  <data>
    -7.8989898539781755e-01 -1.6463115041382709e-01
    -3.5379949813359034e-02</data></proj_world_rot_vector_16>
</opencv_storage>
