<?xml version="1.0"?>
<opencv_storage>
<proj_world_rot_vector_19 type_id="opencv-matrix">
  <rows>1</rows>
  <cols>3</cols>
  <dt>d</dt>
  <data>
    -7.0365741681857963e-01 -5.5754866773046174e-01
    2.9518656530543841e-01</data></proj_world_rot_vector_19>
</opencv_storage>
