<?xml version="1.0"?>
<opencv_storage>
<proj_world_trans_vector_16 type_id="opencv-matrix">
  <rows>1</rows>
  <cols>3</cols>
  <dt>d</dt>
  <data>
    -9.6212518157246200e+02 -2.2479257223051607e+02
    3.5202860081053263e+03</data></proj_world_trans_vector_16>
</opencv_storage>
