<?xml version="1.0"?>
<opencv_storage>
<proj_world_trans_vector_0 type_id="opencv-matrix">
  <rows>1</rows>
  <cols>3</cols>
  <dt>d</dt>
  <data>
    -1.1019886200645092e+03 -1.7491060145583066e+02
    4.9311335569707162e+03</data></proj_world_trans_vector_0>
</opencv_storage>
