<?xml version="1.0"?>
<opencv_storage>
<proj_world_rot_vector_20 type_id="opencv-matrix">
  <rows>1</rows>
  <cols>3</cols>
  <dt>d</dt>
  <data>
    -7.0774012902859074e-01 1.3304054670799795e-01
    -4.0053866206936978e-01</data></proj_world_rot_vector_20>
</opencv_storage>
