<?xml version="1.0"?>
<opencv_storage>
<proj_world_rot_vector_21 type_id="opencv-matrix">
  <rows>1</rows>
  <cols>3</cols>
  <dt>d</dt>
  <data>
    -9.2940239844938100e-01 -1.7825772214315957e-01
    -2.9677337779401108e-02</data></proj_world_rot_vector_21>
</opencv_storage>
