<?xml version="1.0"?>
<opencv_storage>
<proj_world_trans_vector_23 type_id="opencv-matrix">
  <rows>1</rows>
  <cols>3</cols>
  <dt>d</dt>
  <data>
    -1.4779319986709086e+03 2.7052723501662655e+02
    3.7404742822151029e+03</data></proj_world_trans_vector_23>
</opencv_storage>
