<?xml version="1.0"?>
<opencv_storage>
<proj_world_trans_vector_21 type_id="opencv-matrix">
  <rows>1</rows>
  <cols>3</cols>
  <dt>d</dt>
  <data>
    -8.9593903270436886e+02 -2.8278119351489329e+02
    3.0603640746461483e+03</data></proj_world_trans_vector_21>
</opencv_storage>
