<?xml version="1.0"?>
<opencv_storage>
<proj_world_rot_vector_7 type_id="opencv-matrix">
  <rows>1</rows>
  <cols>3</cols>
  <dt>d</dt>
  <data>
    -4.6240509551949177e-01 -3.0524538631306386e-01
    2.4601192339449025e-02</data></proj_world_rot_vector_7>
</opencv_storage>
