<?xml version="1.0"?>
<opencv_storage>
<proj_world_trans_vector_1 type_id="opencv-matrix">
  <rows>1</rows>
  <cols>3</cols>
  <dt>d</dt>
  <data>
    -9.8545475433221327e+02 -3.2596919573778331e+02
    4.3734964536293037e+03</data></proj_world_trans_vector_1>
</opencv_storage>
