<?xml version="1.0"?>
<opencv_storage>
<proj_world_trans_vector_19 type_id="opencv-matrix">
  <rows>1</rows>
  <cols>3</cols>
  <dt>d</dt>
  <data>
    -7.2186815911281633e+02 -8.2966042436732766e+02
    2.6296641605949981e+03</data></proj_world_trans_vector_19>
</opencv_storage>
