<?xml version="1.0"?>
<opencv_storage>
<proj_world_rot_vector_1 type_id="opencv-matrix">
  <rows>1</rows>
  <cols>3</cols>
  <dt>d</dt>
  <data>
    -4.1691119712559294e-01 -2.6305180743827267e-01
    4.9024978216826526e-02</data></proj_world_rot_vector_1>
</opencv_storage>
