<?xml version="1.0"?>
<opencv_storage>
<proj_world_rot_vector_17 type_id="opencv-matrix">
  <rows>1</rows>
  <cols>3</cols>
  <dt>d</dt>
  <data>
    -5.5678157542742679e-01 1.3213015837257450e-01
    -1.5665292825515592e-01</data></proj_world_rot_vector_17>
</opencv_storage>
