<?xml version="1.0"?>
<opencv_storage>
<proj_world_rot_vector_22 type_id="opencv-matrix">
  <rows>1</rows>
  <cols>3</cols>
  <dt>d</dt>
  <data>
    -1.8053761014554917e-01 -1.0183030007451720e-01
    -4.3298047272981074e-02</data></proj_world_rot_vector_22>
</opencv_storage>
