<?xml version="1.0"?>
<opencv_storage>
<proj_world_rot_vector_0 type_id="opencv-matrix">
  <rows>1</rows>
  <cols>3</cols>
  <dt>d</dt>
  <data>
    -2.0750559270680471e-01 -6.8838133978258942e-02
    1.2612554764298917e-02</data></proj_world_rot_vector_0>
</opencv_storage>
