<?xml version="1.0"?>
<opencv_storage>
<proj_world_rot_vector_15 type_id="opencv-matrix">
  <rows>1</rows>
  <cols>3</cols>
  <dt>d</dt>
  <data>
    -1.8463104984692186e-01 -4.8163084764891695e-01
    6.1934447529239316e-02</data></proj_world_rot_vector_15>
</opencv_storage>
