<?xml version="1.0"?>
<opencv_storage>
<proj_world_trans_vector_4 type_id="opencv-matrix">
  <rows>1</rows>
  <cols>3</cols>
  <dt>d</dt>
  <data>
    -1.2396664117222463e+03 2.8446725917544416e+01
    3.8260883415964267e+03</data></proj_world_trans_vector_4>
</opencv_storage>
