<?xml version="1.0"?>
<opencv_storage>
<proj_world_rot_vector_9 type_id="opencv-matrix">
  <rows>1</rows>
  <cols>3</cols>
  <dt>d</dt>
  <data>
    -1.3361069477479617e-01 -4.7456788162815611e-01
    6.6494526914752994e-02</data></proj_world_rot_vector_9>
</opencv_storage>
