<?xml version="1.0"?>
<opencv_storage>
<proj_world_trans_vector_12 type_id="opencv-matrix">
  <rows>1</rows>
  <cols>3</cols>
  <dt>d</dt>
  <data>
    -6.6502782408065923e+02 -5.2125859557303420e+02
    3.6354888084643931e+03</data></proj_world_trans_vector_12>
</opencv_storage>
