<?xml version="1.0"?>
<opencv_storage>
<proj_world_rot_vector_24 type_id="opencv-matrix">
  <rows>1</rows>
  <cols>3</cols>
  <dt>d</dt>
  <data>
    -6.1714550421782188e-01 -1.1473953218482298e-01
    1.2347112917908564e-02</data></proj_world_rot_vector_24>
</opencv_storage>
