<?xml version="1.0"?>
<opencv_storage>
<proj_world_rot_vector_18 type_id="opencv-matrix">
  <rows>1</rows>
  <cols>3</cols>
  <dt>d</dt>
  <data>
    -8.3788389074760428e-01 -2.8871318671083390e-01
    -1.8707230271721595e-02</data></proj_world_rot_vector_18>
</opencv_storage>
