<?xml version="1.0"?>
<opencv_storage>
<proj_world_trans_vector_13 type_id="opencv-matrix">
  <rows>1</rows>
  <cols>3</cols>
  <dt>d</dt>
  <data>
    -8.8964391256482600e+02 -5.9897197252361104e+02
    2.7435292237926787e+03</data></proj_world_trans_vector_13>
</opencv_storage>
